422305555
812477612
335815132
470479544
1511495567
1379271091
582832545
846819446
474005887
358734520
994280217
1575755626
1267557864
1577238169
269633679
1337842206
663018092
768431505
1359533385
1340364404
1024314771
2142572280
542786692
2018446602
1140748729
148779062
1097454679
1225252180
1707208703
793894299
650818211
2129514258
1606371912
986633343
452510155
970383831
218420786
1035342700
1817203277
692426673
1394077220
663999846
120698652
514151436
93754367
390332331
1851993642
756772459
1158763836
1064043380
2097136863
35594960
1059132012
492439907
2054041562
52397094
641218970
1004012593
1277649274
200944025
1797906893
1928467485
182974636
1256795157
767617180
635484791
79695340
986037967
1670827491
1896898617
1678464640
917421064
413414815
1799163292
1431572500
507169183
42011976
1136082495
1263941642
1200775812
52642227
1213594858
1236370772
1111774239
1706034765
1142928686
1164171333
199770087
2146941280
294336959
400714113
1797364525
75320796
583688749
906676034
1
4
986371374
1828975944
742517383
735786343
1359956936
1659938447
1149201158
1011636581
944027300
1656370341
1053648557
2080109795
772828336
106940721
2132752022
1986423194
1343311494
1097042613
1544974311
338756532
113730299
1744744399
338214164
408067258
2145458512
2135578689
483388055
581663613
894771075
1326326032
1800837153
1881142449
1007818328
395870888
469445144
220291616
2055809336
1618646303
1231928197
1
3
138093106
784979135
1900361332
245033828
770247509
1739300878
1588345322
1867290122
1136791542
1927101854
1981020421
734052293
117832371
241604032
732027157
105927412
724992087
1313690770
1000698488
2051318119
967044275
734357289
911652799
1362915163
1203802434
1131944415
1271240851
674965089
216388965
2123593839
1802498085
354482071
761089326
1555375770
599515899
1531336835
1147193000
40377573
1251143310
136500894
1967479428
1084680083
870553187
2085311799
1326284115
1602580344
43755563
2051276202
768787466
1044454051
1955110673
1735831741
1778811341
719279824
951263257
835130127
1851224240
75020460
1510095216
2067613205
51130652
1165109653
274611628
812219978
573001775
874127528
196073166
1720194776
914505101
1447216476
1856695670
734500881
384412911
579765210
672329032
1710697027
34861906
716084596
1614489581
803649373
1760538647
1
2
1391866340
2141396431
1343260723
79512819
1845137023
1418281184
1589608035
1765266580
1469411836
607234041
2039878209
134148166
1180235816
766522089
330221332
752946944
1681027190
1777437808
462158967
268044424
14367072
1041924177
940373456
1725064099
1076786083
1
1
1880435456
1269513052
466702991
124949275
513895744
460615775
1468209998
593408564
158269150
739007534
35532951
1923535731
60935722
642766992
1815930292
195083889
1823002809
434968733
525305221
428466105
2115995923
155259382
890625072
236556699
169626454
1932549249
1176930156
1894690553
861851685
685904560
939276937
594803493
1955417612
1405979929
1
0
1
3
915238273
2024864854
779486653
950771224
1800916937
840422376
1593538217
1469363581
1035506265
1269057378
1904332314
1560811486
1697523483
1872844590
1716070868
440664908
2109401289
1885697322
225730509
1138847797
2
0
1824752358
424697517
1682385688
1632686322
1830677446
254654808
1954516031
1549789502
295133927
722270656
1427170708
1074620581
1673041881
1080603998
1915042957
1119096450
402483931
803065574
240670180
159332598
216393412
1938193663
2032177188
1932464281
231374923
1994094829
1670677955
457105433
985458979
1156098535
1544687627
662727689
1580796052
1079589667
147930363
1263989850
1334244476
2102446395
666295704
1629378403
677233403
2093466412
556515336
202791636
1026586762
324074645
1321888086
1429070694
1127140219
1562558266
3
0
1353268282
1473096832
1128514265
1584643205
1319708013
651708572
2041748638
157683344
1807807107
1438952618
820411033
1241119511
371058637
968341397
357625713
1705303113
923304144
1023921417
1187197869
1600537547
969904182
1743713205
1803329184
1996490944
2067787851
977733622
1278077990
1047444422
392808241
718997634
243494406
1746076523
44610818
1372008671
1183236080
1364318832
2023717244
1077501071
1522002176
1684040703
368970041
194929562
777676567
740028678
1163270959
1135302280
297848144
2086575103
11740050
1485046013
1539629002
981644232
1081275570
1195474538
5
