2
874676654
4
3
1139441135
5
0
4
2
1013288322
-2
3
1490029709
1
2119389406
1
693829184
1
2078433829
5
3
-1483526518
-2
-3
0
4
4
1
624767538
1
-715984696
-5
-2
5
-4
-1
-3
2
-215052271
2
987692835
-1
-5
0
0
-4
-4
-2
3
1567957739
2
1266856493
0
5
-1
0
0
3
-578797702
-4
1
-190786818
3
-1147354591
-1
0
0
0
-5
0
5
0
0
2
1015454290
5
-4
1
-2108166847
-5
4
1
556278741
5
5
-2
3
67627781
1
1389680453
4
0
1
1555512391
0
2
594790559
5
-1
-1
5
-3
5
-2
-3
0
0
0
5
-1
-3
5
-4
3
-2098171376
1
1316593406
4
1
1291681896
5
-2
5
5
-1
2
1441748334
5
0
-5
3
-1517698831
0
3
1070209411
2
335122268
0
3
732368195
1
754662844
1
273883145
2
1416164913
1
109096391
0
3
1656500477
5
-5
-4
5
5
3
930772422
4
4
4
1
41579012
0
3
1165342248
1
793816963
0
0
2
2050524120
4
1
1356050818
2
2069040490
4
4
2
39247666
0
0
3
1270733084
1
1988361996
1
1808144629
2
832528683
3
1323785169
5
-5
1
282458169
0
-2
0
0
-3
5
5
4
4
0
5
0
-2
2
-1920077622
5
-2
-1
-1
-3
0
2
1019438286
2
877063878
3
52118120
2
454085494
1
694434301
1
137160842
4
0
2
1933240167
5
1
-1194129586
-4
-5
-1
0
-5
2
994265480
2
-601002257
4
0
-3
1
-222655043
-2
-4
0
-1
1
22562799
0
0
0
3
1016995594
1
1099977625
3
1850264581
4
3
226990731
3
652974524
2
1102093847
4
3
1214063929
0
3
1858249547
3
1456177244
5
2
1965103097
2
1811104659
0
5
1
106914090
4
-2
-2
4
4
2
1057587042
5
-3
-5
-2
-2
-4
4
1
462199941
0
-2
5
1
1018938112
-5
0
-2
0
5
1
-1734172192
1
1472574163
-1
5
4
2
2042452187
1
1842087833
-3
5
-5
3
-2067246829
5
2
1701814522
0
-3
5
-1
-2
0
0
3
551553138
5
-3
0
-1
3
1896603203
-1
2
1403371908
4
2
403811948
5
-4
-4
0
0
-1
0
-5
0
-2
-3
-4
4
0
1
1379001372
1
1876886448
5
5
4
0
1
2014728373
4
2
1773028275
5
2
124633184
-3
2
-1800935496
0
2
17287694
3
324063394
2
1877294230
5
0
1
-654382156
-3
-4
2
-561497037
-3
3
-1953800239
2
-549077169
-3
0
4
2
2141431534
5
-2
-2
-1
-1
4
-1
0
-2
4
-4
-3
-3
2
2000359102
-1
3
-212436715
-5
5
-4
1
-589241295
4
-5
-4
4
-1
1
-900517956
-3
0
4
1
1568277563
-2
4
2
-1912599330
3
2127041342
3
1008209139
0
1
1576602634
4
3
189345262
1
1031044970
2
1032382335
3
938395810
0
2
193566638
2
1347475816
3
1073107286
1
1281019573
1
1771231537
0
4
2
1084498012
1
1011789249
2
1938777346
1
502102369
1
1670109923
2
1557241595
4
4
0
0
1
1293175258
0
3
1486741896
0
0
3
1080807824
5
5
3
715540434
0
1
324497225
1
265328871
3
221321906
4
5
-5
0
3
-182441620
-1
-2
0
2
-928841335
-5
0
5
1
2030501525
5
3
504252247
-4
4
1
1396557622
3
1952670218
3
141180245
4
4
3
974392426
1
1579854011
3
2144604323
2
417777030
5
-3
3
880162141
3
-171642866
3
945368762
0
4
-1
1
1829630165
1
2063208354
-3
-3
5
-5
-5
3
606454295
0
-3
-4
4
-5
2
487397867
-1
3
513943171
4
4
-2
3
1855395113
5
-1
-2
-5
5
-3
0
3
601887330
1
228918913
5
-3
3
1897243467
-3
1
-116329907
2
2121495636
1
2110135654
2
969412540
5
0
4
-5
3
-1798420072
-2
-2
-2
0
0
4
2
-531641731
0
0
4
4
0
0
0
2
954867839
5
2
65445015
-1
-3
1
-1560822675
-1
3
1903388603
-3
-2
2
1278606162
2
586937080
-5
5
4
2
-1054487046
0
3
416794926
0
-4
4
0
4
-2
-3
-5
-1
-2
2
1603099289
3
851047611
5
0
1
-984984578
-2
-5
0
0
3
-2088040751
-2
3
1946789570
0
1
1585937305
-4
5
-2
-4
-1
2
-2044718067
0
0
-4
4
-4
3
262549951
-3
0
4
4
-4
0
0
5
-3
-3
5
0
0
1
599410084
2
2085522501
4
1
1053095106
2
1200788095
4
5
0
3
411221590
4
2
1985188242
1
1990402353
0
-2
4
-5
-4
1
959625348
0
3
594807838
5
2
-343504805
-1
-5
2
2111645857
-5
-2
-3
-2
5
-2
5
-3
-3
3
2029977650
2
574626397
0
5
-2
-3
4
0
-3
5
0
3
963691494
-1
-1
2
557316831
1
13208578
4
4
1
2048979955
0
0
5
4
-2
1
173372027
-1
-1
1
-2004082902
-3
1
1057636251
5
4
0
4
3
91619828
-4
0
-2
-4
1
315985777
-5
2
1451995229
5
-4
0
4
5
1
237686904
-4
-4
5
-3
0
-4
4
-4
1
218991646
1
776723334
2
1258715706
0
3
213759152
4
4
0
2
147333904
1
518127078
0
3
265430766
5
3
-782937348
0
4
-5
-3
-4
-5
0
3
-1737198049
-3
-3
0
0
-3
-5
2
-1551563226
-5
5
4
-2
3
-1031109140
0
-4
-2
0
-2
2
1764823233
0
5
2
1283937486
-1
2
31043710
5
0
-3
-3
3
488278072
1
868013546
4
5
-1
-5
4
-3
-4
-5
0
4
5
-1
4
-5
0
-1
-3
-2
4
3
647583734
4
2
110637611
0
4
0
4
5
0
0
4
4
0
1
-602529226
0
4
-4
1
222163971
1
632971455
-1
-1
3
1628560782
2
839501666
0
4
4
3
589262574
2
1913476121
1
533771161
4
2
1817578423
3
1271435284
1
747456210
3
1838136767
5
0
0
0
-3
-1
5
2
19499895
4
0
5
3
-589605279
5
3
838682196
2
1601921752
5
0
0
-1
2
-853577880
4
3
993910536
3
1597441795
5
4
-3
2
-382125156
0
2
-1386102326
3
661628437
-3
-3
2
1407005215
4
4
3
629522623
0
2
165198356
1
1395551823
4
2
114240847
5
-1
0
5
-4
5
4
-5
3
951465864
3
1106346827
4
5
2
-1664167129
-3
5
-3
1
1036945982
-3
5
0
0
2
492238828
-2
1
238526263
0
4
1
1106747838
1
1127928535
0
1
1362146788
0
2
1573551257
1
1244878266
0
0
0
5
-3
5
-5
-4
1
857214436
4
1
1465476124
1
710975419
0
5
1
1481006066
1
99129744
-3
5
0
1
266035856
1
-71410812
0
5
-4
2
1877485947
1
775636794
3
-1940013458
3
1792273288
3
587109945
0
2
1022264826
2
555293904
4
1
886595672
5
-1
0
-5
0
3
2130034455
1
1077891170
0
-1
3
171924985
-2
2
-1729889024
-3
3
-657555091
2
1204141053
2
1405198682
2
1152954306
0
5
-4
2
-988100435
3
-1453051585
1
-1790540141
4
4
2
-1725999146
1
-1760354794
-2
0
-5
-4
4
-2
2
-1380007468
-1
1
-332750577
2
-2143396777
3
1532145607
5
3
1937730162
0
2
-2043982152
-2
0
1
292140834
-3
0
2
1328437865
-2
2
349462885
4
0
5
-3
-5
0
0
5
