1 2 malloc
2
3 4
4 5
5 6
6 7
7 8 9
8 10
9 11
10 5
11 12
12 13
13 14
14
15 16 17
16 18
17 18
18 19 malloc
19 20
20 21
21 22
22 23 24
23 25
24 26
25 20
26 27
27 28
28 29 30
29 31 3
30 31 3
31 32
32 33
33
34 35 38
35 36
36 37
37 65
38 39
39 40 41
40 56
41 42
42 43
43 44
44 45
45 46 49
46 47 48
47 50
48 51
49 51
50 43
51 52
52 53 55
53 54
54 65
55 56
56 57 34
57 58 63
58 59 60
59 64 3
60 61 15
61 62
62 65
63 64
64 65
65
66 67 34
67 68 69
68 70 1
69 70
70 71
71
72 73
73 74
74 75
75 76
76 77 78
77 79
78 80
79 74
80 81
81 82
82 83
83
84 85
85 86
86 87
87 88
88 89 90
89 91
90 92
91 86
92 93
93 94
94 95
95
96 97
97 98
98 99
99 100
100 101 102
101 103
102 104
103 98
104 105
105 106
106 107
107
108 109
109 110
110 111
111 112
112 113 114
113 115
114 116
115 110
116 117
117 118
118
119 120
120 121
121 122
122 123
123 124 125
124 126
125 127
126 121
127 128
128 129
129 130
130 131
131 132
132 133 134
133 135
134 136
135 130
136 137
137 138 free
138 139
139
140 141 146
141 142
142 143
143 144 145
144 161 108
145 161 119
146 147 156
147 148
148 149
149 150 151
150 161 96
151 152
152 153
153 154 155
154 161 108
155 161 119
156 157
157 158
158 159 160
159 161 96
160 161 119
161 162
162
163 164
164 165 193
165 166 167
166 181
167 168
168 169
169 170
170 171
171 172 175
172 173 174
173 176
174 177
175 177
176 169
177 178
178 179 180
179 181
180 181
181 182 185
182 183 184
183 186 72 163
184 186 84
185 186 163
186 187 192
187 188
188 189
189 190 191
190 194 140
191 194
192 194
193 194
194
195 196 163
196 197 200
197 198 199
198 202 free
199 202
200 201
201 204
202 203
203 204
204
205 206 208
206 207
207 228
208 209
209 210 211
210 226
211 212
212 213
213 214
214 215
215 216 219
216 217 218
217 220
218 221
219 221
220 213
221 222
222 223 225
223 224
224 228
225 226
226 227 205
227 228
228
229 230 240
230 231
231 232
232 233
233 234
234 235 236
235 237
236 238
237 232 229
238 239
239 241 229
240 241
241 242
242
243 244
244 245
245 246
246 247
247 248 __CrestUInt printf
248 249
249 250 251
250 265
251 252
252 253 254
253 267
254 255
255 256 257
256 269
257 258
258 259 260
259 271
260 261
261 262 263
262 273
263 264
264 274
265 266 __CrestUInt printf 66
266 275
267 268 __CrestUInt printf 195
268 275
269 270 __CrestUInt printf 205
270 275
271 272 229
272 275
273 exit
274 275
275 245
276 277
277
