0
3
834248277
7
3
562091743
0
1
450527315
4
0
7
2
73731606
5
0
3
834248277
7
3
562091743
0
1
0
4
0
7
2
0
5
0
3
834248277
7
3
562091743
0
1
0
4
0
7
2
1
5
0
3
834248277
7
3
562091743
0
1
0
4
0
7
2
-1
5
0
3
834248277
7
3
562091743
0
1
0
4
0
7
2
0
5
5
4
5
6
5
9
5
9
8
7
4
9
4
9
8
8
6
7
5
9
2
1019729151
5
2
1524314202
3
2075506295
6
5
3
571546158
0
3
843013142
0
9
3
275820766
0
0
8
7
8
7
5
2
623587157
5
1
988254413
6
3
533610265
1
558760719
5
1
0
6
3
-1
1
0
5
1
0
6
3
-1
1
1
5
1
0
6
3
0
1
1
5
1
0
6
3
1
1
1
5
1
0
6
3
1
1
-1
5
1
0
6
3
-1
1
1
5
1
0
6
3
0
1
1
5
1
0
6
3
1
1
0
5
5
8
7
1
1244015792
1
1656309699
2
432817655
0
3
1638348094
3
642919202
2
1421963928
9
1
328620364
5
8
7
1
0
1
1
2
-1
0
3
0
3
642919202
2
1421963928
9
1
328620364
5
8
7
1
0
1
1
2
-1
0
3
0
3
2
2
2
9
1
1
5
8
7
1
0
1
1
2
-1
0
3
0
3
2
2
2
9
1
0
5
8
7
1
0
1
1
2
-1
0
3
0
3
2
2
1
9
1
0
5
8
7
1
0
1
1
2
-1
0
3
0
3
2
2
0
9
1
0
5
8
7
1
0
1
1
2
-1
0
3
0
3
0
2
0
9
1
0
5
8
7
1
0
1
-1
2
-1
0
3
0
3
2
2
0
9
1
0
5
8
7
1
0
1
-1
2
-1
0
3
0
3
1
2
-1
9
1
0
5
8
7
1
0
1
0
2
-1
0
3
0
3
2
2
0
9
1
0
5
8
7
1
0
1
-1
2
-1
0
3
0
3
1
2
1
9
1
0
5
8
7
1
0
1
-1
2
-2
0
3
0
3
2
2
0
9
1
0
5
8
7
1
0
1
-1
2
0
0
3
0
3
2
2
0
9
1
0
5
8
7
1
0
1
-1
2
1
0
3
0
3
2
2
0
9
1
0
5
8
7
1
0
1
-2
2
-1
0
3
0
3
2
2
0
9
1
0
5
8
7
1
0
1
-1
2
-1
0
3
1
3
2
2
0
9
1
0
5
8
7
1
0
1
-1
2
-1
0
3
0
3
-1
2
0
9
1
0
5
8
7
1
0
1
-1
2
-1
0
3
-1
3
2
2
0
9
1
0
5
8
7
1
0
1
-1
2
-1
0
3
0
3
0
2
0
9
1
0
5
5
8
0
1
1463777591
2
53496703
3
1367127500
2
604171718
6
4
7
6
8
5
8
0
1
0
2
-1
3
0
2
604171718
6
4
7
6
8
5
8
0
1
0
2
-1
3
1
2
604171718
6
4
7
6
8
5
8
0
1
0
2
-1
3
1
2
0
6
4
7
6
8
5
8
0
1
0
2
0
3
1
2
0
6
4
7
6
8
5
8
0
1
0
2
-1
3
1
2
-1
6
4
7
6
8
5
8
0
1
0
2
-1
3
1
2
1
6
4
7
6
8
5
8
0
1
0
2
-1
3
-1
2
0
6
4
7
6
8
5
8
0
1
0
2
-1
3
0
2
0
6
4
7
6
8
5
4
0
0
3
1780033366
0
0
2
1626441100
7
1
1209164654
8
6
9
9
9
6
8
0
6
5
1
533651968
9
7
8
5
6
9
3
912356523
6
5
3
724048911
1
1427185872
4
4
3
491918540
7
3
1503859582
7
6
1
1579688309
3
1299963272
5
3
724048911
1
0
4
4
3
-1
7
3
1
7
6
1
-1
3
1299963272
5
3
724048911
1
0
4
4
3
-1
7
3
1
7
6
1
-1
3
0
5
3
724048911
1
0
4
4
3
-1
7
3
1
7
6
1
-1
3
-1
5
3
724048911
1
0
4
4
3
-1
7
3
1
7
6
1
0
3
-1
5
3
724048911
1
0
4
4
3
-1
7
3
1
7
6
1
1
3
-1
5
3
724048911
1
0
4
4
3
-1
7
3
1
7
6
1
-1
3
-1
5
3
724048911
1
0
4
4
3
0
7
3
1
7
6
1
0
3
-1
5
3
724048911
1
0
4
4
3
-1
7
3
1
7
6
1
0
3
0
5
3
724048911
1
0
4
4
3
-1
7
3
-1
7
6
1
0
3
-1
5
3
724048911
1
0
4
4
3
-1
7
3
0
7
6
1
0
3
-1
5
2
1095588516
3
1028345684
0
5
8
5
9
5
4
9
9
2
1346776735
1
1553327500
5
7
4
6
5
4
6
2
1347666069
1
1912701929
4
6
7
4
4
6
7
1
1849485387
5
4
6
2
1347666069
1
0
4
6
7
4
4
6
7
1
0
5
4
6
2
1347666069
1
0
4
6
7
4
4
6
7
1
1
5
4
6
2
1347666069
1
0
4
6
7
4
4
6
7
1
-1
5
4
6
2
1347666069
1
0
4
6
7
4
4
6
7
1
0
5
0
1
735206031
9
8
9
8
0
3
721997595
3
1319836995
8
5
0
1
0
9
8
9
8
0
3
-1
3
0
8
5
0
1
0
9
8
9
8
0
3
0
3
0
8
5
0
1
0
9
8
9
8
0
3
-1
3
-1
8
5
0
1
0
9
8
9
8
0
3
-1
3
1
8
5
1
983492773
5
4
6
5
8
5
5
7
2
1720380421
8
5
6
6
0
7
2
594243988
5
4
0
0
4
2
993258307
2
2033391219
5
2
609520169
9
3
239821873
2
1520031213
6
8
1
45607932
7
2
1770720885
9
1
420699140
6
5
2
609520169
9
3
239821873
2
1520031213
6
8
1
0
7
2
0
9
1
420699140
6
5
2
609520169
9
3
239821873
2
1520031213
6
8
1
0
7
2
-1
9
1
420699140
6
5
2
609520169
9
3
239821873
2
1520031213
6
8
1
0
7
2
-1
9
1
0
6
5
2
609520169
9
3
239821873
2
1520031213
6
8
1
0
7
2
-1
9
1
-1
6
5
2
609520169
9
3
239821873
2
1520031213
6
8
1
0
7
2
0
9
1
-1
6
5
2
609520169
9
3
239821873
2
1520031213
6
8
1
0
7
2
-1
9
1
0
6
5
4
8
7
1
1610606569
1
1158841395
8
9
8
4
2
778276076
3
1038870205
0
0
7
0
9
5
4
8
7
1
0
1
-1
8
9
8
4
2
0
3
1038870205
0
0
7
0
9
5
4
8
7
1
0
1
0
8
9
8
4
2
0
3
1038870205
0
0
7
0
9
5
4
8
7
1
0
1
0
8
9
8
4
2
1
3
1038870205
0
0
7
0
9
5
4
8
7
1
0
1
0
8
9
8
4
2
1
3
0
0
0
7
0
9
5
4
8
7
1
0
1
1
8
9
8
4
2
1
3
0
0
0
7
0
9
5
4
8
7
1
0
1
1
8
9
8
4
2
0
3
0
0
0
7
0
9
5
4
8
7
1
0
1
-1
8
9
8
4
2
0
3
0
0
0
7
0
9
5
4
8
7
1
0
1
1
8
9
8
4
2
0
3
1
0
0
7
0
9
5
4
8
7
1
0
1
2
8
9
8
4
2
1
3
0
0
0
7
0
9
5
4
8
7
1
0
1
-1
8
9
8
4
2
1
3
0
0
0
7
0
9
5
4
8
7
1
0
1
1
8
9
8
4
2
-1
3
0
0
0
7
0
9
5
4
8
7
1
0
1
1
8
9
8
4
2
0
3
0
0
0
7
0
9
5
4
8
7
1
0
1
1
8
9
8
4
2
1
3
0
0
0
7
0
9
5
4
8
7
1
0
1
1
8
9
8
4
2
2
3
0
0
0
7
0
9
5
4
8
7
1
0
1
2
8
9
8
4
2
1
3
1
0
0
7
0
9
5
4
8
7
1
0
1
2
8
9
8
4
2
1
3
-1
0
0
7
0
9
5
4
8
7
1
0
1
2
8
9
8
4
2
1
3
2
0
0
7
0
9
5
4
8
7
1
0
1
2
8
9
8
4
2
1
3
3
0
0
7
0
9
5
4
8
7
1
0
1
0
8
9
8
4
2
1
3
0
0
0
7
0
9
5
3
279612437
8
2
1331037447
7
6
7
8
1
905457832
0
9
9
0
1
1089176490
0
7
1
1832975524
4
0
6
5
3
279612437
8
2
1331037447
7
6
7
8
1
0
0
9
9
0
1
1
0
7
1
1
4
0
6
5
3
279612437
8
2
1331037447
7
6
7
8
1
0
0
9
9
0
1
1
0
7
1
-1
4
0
6
5
3
279612437
8
2
1331037447
7
6
7
8
1
0
0
9
9
0
1
-1
0
7
1
-1
4
0
6
5
3
279612437
8
2
1331037447
7
6
7
8
1
0
0
9
9
0
1
-1
0
7
1
-2
4
0
6
5
3
279612437
8
2
1331037447
7
6
7
8
1
0
0
9
9
0
1
-2
0
7
1
-1
4
0
6
5
3
279612437
8
2
1331037447
7
6
7
8
1
0
0
9
9
0
1
0
0
7
1
-1
4
0
6
5
3
279612437
8
2
1331037447
7
6
7
8
1
0
0
9
9
0
1
-1
0
7
1
0
4
0
6
5
3
279612437
8
2
1331037447
7
6
7
8
1
0
0
9
9
0
1
-1
0
7
1
1
4
0
6
5
8
2
1212967735
5
0
0
7
4
1
541604741
3
510794232
1
1549628609
4
1
2027548517
9
6
2
1755052554
7
7
4
5
0
0
7
4
1
0
3
0
1
1549628609
4
1
2027548517
9
6
2
1755052554
7
7
4
5
0
0
7
4
1
0
3
0
1
1
4
1
-1
9
6
2
1755052554
7
7
4
5
0
0
7
4
1
0
3
0
1
1
4
1
-1
9
6
2
1
7
7
4
5
0
0
7
4
1
0
3
0
1
1
4
1
-1
9
6
2
-2
7
7
4
5
0
0
7
4
1
0
3
1
1
1
4
1
-1
9
6
2
-2
7
7
4
5
0
0
7
4
1
0
3
1
1
0
4
1
-1
9
6
2
-2
7
7
4
5
0
0
7
4
1
0
3
1
1
0
4
1
0
9
6
2
-2
7
7
4
5
0
0
7
4
1
0
3
1
1
-1
4
1
-1
9
6
2
-2
7
7
4
5
0
0
7
4
1
0
3
1
1
-1
4
1
-2
9
6
2
-2
7
7
4
5
0
0
7
4
1
0
3
1
1
-1
4
1
0
9
6
2
-2
7
7
4
5
0
0
7
4
1
0
3
1
1
-1
4
1
-1
9
6
2
-2
7
7
4
5
0
0
7
4
1
0
3
1
1
-1
4
1
-2
9
6
2
-3
7
7
4
5
0
0
7
4
1
0
3
1
1
-1
4
1
-3
9
6
2
-2
7
7
4
5
0
0
7
4
1
0
3
-1
1
-1
4
1
-2
9
6
2
-2
7
7
4
5
0
0
7
4
1
0
3
1
1
0
4
1
-2
9
6
2
-2
7
7
4
5
0
0
7
4
1
0
3
1
1
1
4
1
-2
9
6
2
-2
7
7
4
5
0
0
7
4
1
0
3
1
1
-1
4
1
-2
9
6
2
-1
7
7
4
5
0
0
7
4
1
0
3
1
1
-2
4
1
-3
9
6
2
-1
7
7
4
5
0
0
7
4
1
0
3
1
1
-1
4
1
-2
9
6
2
0
7
7
4
5
0
0
7
4
1
0
3
1
1
-1
4
1
-2
9
6
2
1
7
7
4
5
0
0
7
4
1
0
3
0
1
-1
4
1
-2
9
6
2
-2
7
7
4
5
5
7
7
1
1968074694
6
1
1617871484
4
0
8
2
1793407278
7
6
5
7
7
1
0
6
1
-1
4
0
8
2
-1
7
6
5
7
7
1
0
6
1
-1
4
0
8
2
-2
7
6
5
7
7
1
0
6
1
0
4
0
8
2
-2
7
6
5
7
7
1
0
6
1
1
4
0
8
2
-2
7
6
5
7
7
1
0
6
1
-1
4
0
8
2
-2
7
6
5
7
7
1
0
6
1
1
4
0
8
2
0
7
6
5
7
7
1
0
6
1
0
4
0
8
2
-2
7
6
5
9
3
1044993874
8
6
1
499125636
1
1782215601
4
6
4
2
17193483
1
782006531
7
2
21608486
0
7
6
3
1913646142
1
1587386916
1
1811361847
3
96556526
9
3
985424509
6
1
595704858
7
7
9
0
3
240838047
5
9
3
1044993874
8
6
1
0
1
4
4
6
4
2
-1
1
1
7
2
-1
0
7
6
3
5
1
3
1
5
3
-1
9
3
2
6
1
0
7
7
9
0
3
240838047
5
9
3
1044993874
8
6
1
0
1
4
4
6
4
2
-1
1
1
7
2
-1
0
7
6
3
5
1
3
1
5
3
-1
9
3
2
6
1
0
7
7
9
0
3
5
5
9
3
1044993874
8
6
1
0
1
2
4
6
4
2
-1
1
1
7
2
-1
0
7
6
3
0
1
3
1
5
3
-1
9
3
2
6
1
0
7
7
9
0
3
5
5
9
3
1044993874
8
6
1
0
1
1
4
6
4
2
0
1
1
7
2
-1
0
7
6
3
0
1
3
1
5
3
-1
9
3
2
6
1
0
7
7
9
0
3
5
5
9
3
1044993874
8
6
1
0
1
2
4
6
4
2
1
1
1
7
2
-1
0
7
6
3
0
1
3
1
5
3
-1
9
3
2
6
1
0
7
7
9
0
3
5
5
9
3
1044993874
8
6
1
0
1
2
4
6
4
2
1
1
1
7
2
-1
0
7
6
3
0
1
3
1
0
3
-1
9
3
2
6
1
0
7
7
9
0
3
5
5
9
3
1044993874
8
6
1
0
1
2
4
6
4
2
1
1
1
7
2
0
0
7
6
3
0
1
3
1
5
3
-1
9
3
2
6
1
0
7
7
9
0
3
5
5
9
3
1044993874
8
6
1
0
1
2
4
6
4
2
1
1
1
7
2
0
0
7
6
3
0
1
1
1
5
3
-1
9
3
2
6
1
0
7
7
9
0
3
5
5
9
3
1044993874
8
6
1
0
1
2
4
6
4
2
1
1
1
7
2
0
0
7
6
3
0
1
3
1
4
3
0
9
3
2
6
1
0
7
7
9
0
3
3
5
9
3
1044993874
8
6
1
0
1
2
4
6
4
2
1
1
1
7
2
0
0
7
6
3
0
1
3
1
4
3
1
9
3
2
6
1
0
7
7
9
0
3
5
5
9
3
1044993874
8
6
1
0
1
1
4
6
4
2
0
1
1
7
2
0
0
7
6
3
0
1
3
1
5
3
-1
9
3
2
6
1
0
7
7
9
0
3
5
5
9
3
1044993874
8
6
1
0
1
1
4
6
4
2
-1
1
1
7
2
0
0
7
6
3
0
1
3
1
5
3
-1
9
3
2
6
1
0
7
7
9
0
3
5
5
9
3
1044993874
8
6
1
0
1
2
4
6
4
2
1
1
1
7
2
0
0
7
6
3
0
1
3
1
4
3
0
9
3
2
6
1
1
7
7
9
0
3
5
5
9
3
1044993874
8
6
1
0
1
3
4
6
4
2
1
1
2
7
2
1
0
7
6
3
0
1
3
1
5
3
-1
9
3
2
6
1
0
7
7
9
0
3
5
5
9
3
1044993874
8
6
1
0
1
1
4
6
4
2
1
1
1
7
2
0
0
7
6
3
0
1
3
1
5
3
-1
9
3
2
6
1
0
7
7
9
0
3
5
5
9
3
1044993874
8
6
1
0
1
1
4
6
4
2
2
1
1
7
2
0
0
7
6
3
0
1
3
1
5
3
-1
9
3
2
6
1
0
7
7
9
0
3
5
5
9
3
1044993874
8
6
1
0
1
2
4
6
4
2
1
1
1
7
2
-1
0
7
6
3
0
1
3
1
5
3
-1
9
3
2
6
1
0
7
7
9
0
3
5
5
9
3
1044993874
8
6
1
0
1
2
4
6
4
2
1
1
1
7
2
0
0
7
6
3
0
1
3
1
4
3
0
9
3
1
6
1
0
7
7
9
0
3
5
5
9
3
1044993874
8
6
1
0
1
2
4
6
4
2
1
1
1
7
2
0
0
7
6
3
1
1
3
1
5
3
-1
9
3
2
6
1
0
7
7
9
0
3
5
5
9
3
1044993874
8
6
1
0
1
2
4
6
4
2
1
1
1
7
2
0
0
7
6
3
0
1
3
1
4
3
0
9
3
2
6
1
0
7
7
9
0
3
0
5
9
3
1044993874
8
6
1
0
1
2
4
6
4
2
1
1
1
7
2
0
0
7
6
3
0
1
3
1
4
3
0
9
3
2
6
1
0
7
7
9
0
3
5
5
9
3
1044993874
8
6
1
0
1
2
4
6
4
2
1
1
1
7
2
2
0
7
6
3
0
1
3
1
5
3
-1
9
3
2
6
1
0
7
7
9
0
3
5
5
9
3
1044993874
8
6
1
0
1
2
4
6
4
2
1
1
1
7
2
3
0
7
6
3
0
1
3
1
5
3
-1
9
3
2
6
1
0
7
7
9
0
3
5
5
9
3
1044993874
8
6
1
0
1
2
4
6
4
2
1
1
-1
7
2
0
0
7
6
3
0
1
3
1
5
3
-1
9
3
2
6
1
0
7
7
9
0
3
5
5
9
3
1044993874
8
6
1
0
1
2
4
6
4
2
1
1
1
7
2
0
0
7
6
3
0
1
3
1
1
3
-1
9
3
2
6
1
0
7
7
9
0
3
5
5
9
3
1044993874
8
6
1
0
1
2
4
6
4
2
1
1
1
7
2
0
0
7
6
3
0
1
4
1
5
3
0
9
3
3
6
1
0
7
7
9
0
3
5
5
9
3
1044993874
8
6
1
0
1
2
4
6
4
2
1
1
1
7
2
0
0
7
6
3
0
1
3
1
4
3
0
9
3
4
6
1
0
7
7
9
0
3
5
5
9
3
1044993874
8
6
1
0
1
2
4
6
4
2
1
1
1
7
2
0
0
7
6
3
0
1
3
1
4
3
0
9
3
5
6
1
0
7
7
9
0
3
5
5
9
3
1044993874
8
6
1
0
1
-1
4
6
4
2
1
1
1
7
2
0
0
7
6
3
0
1
3
1
5
3
-1
9
3
2
6
1
0
7
7
9
0
3
5
5
9
3
1044993874
8
6
1
0
1
2
4
6
4
2
1
1
1
7
2
0
0
7
6
3
0
1
3
1
4
3
0
9
3
0
6
1
0
7
7
9
0
3
5
5
9
3
1044993874
8
6
1
0
1
2
4
6
4
2
1
1
2
7
2
0
0
7
6
3
0
1
3
1
5
3
-1
9
3
2
6
1
0
7
7
9
0
3
5
5
9
3
1044993874
8
6
1
0
1
2
4
6
4
2
1
1
3
7
2
0
0
7
6
3
0
1
3
1
5
3
-1
9
3
2
6
1
0
7
7
9
0
3
5
5
9
3
1044993874
8
6
1
0
1
2
4
6
4
2
1
1
1
7
2
1
0
7
6
3
0
1
3
1
5
3
-1
9
3
2
6
1
0
7
7
9
0
3
5
5
9
3
1044993874
8
6
1
0
1
3
4
6
4
2
1
1
1
7
2
2
0
7
6
3
0
1
3
1
5
3
-1
9
3
2
6
1
0
7
7
9
0
3
5
5
9
3
1044993874
8
6
1
0
1
2
4
6
4
2
1
1
1
7
2
0
0
7
6
3
0
1
3
1
0
3
-1
9
3
2
6
1
0
7
7
9
0
3
5
5
9
3
1044993874
8
6
1
0
1
2
4
6
4
2
1
1
1
7
2
0
0
7
6
3
0
1
4
1
5
3
0
9
3
2
6
1
0
7
7
9
0
3
3
5
9
3
1044993874
8
6
1
0
1
2
4
6
4
2
1
1
1
7
2
0
0
7
6
3
0
1
3
1
4
3
0
9
3
3
6
1
0
7
7
9
0
3
5
5
9
3
1044993874
8
6
1
0
1
2
4
6
4
2
1
1
1
7
2
0
0
7
6
3
0
1
3
1
5
3
0
9
3
4
6
1
0
7
7
9
0
3
5
5
9
3
1044993874
8
6
1
0
1
2
4
6
4
2
1
1
1
7
2
0
0
7
6
3
0
1
0
1
5
3
-1
9
3
2
6
1
0
7
7
9
0
3
5
5
9
3
1044993874
8
6
1
0
1
2
4
6
4
2
1
1
1
7
2
0
0
7
6
3
0
1
3
1
3
3
-1
9
3
2
6
1
0
7
7
9
0
3
5
5
9
3
1044993874
8
6
1
0
1
2
4
6
4
2
1
1
1
7
2
0
0
7
6
3
0
1
3
1
4
3
0
9
3
2
6
1
0
7
7
9
0
3
2
5
8
7
6
2
1797675146
0
1
1671857218
9
9
1
1056868235
4
0
4
8
2
229618403
7
9
2
1205998611
5
8
7
6
2
1797675146
0
1
0
9
9
1
-1
4
0
4
8
2
-2
7
9
2
-1
5
8
7
6
2
1797675146
0
1
0
9
9
1
0
4
0
4
8
2
-2
7
9
2
-1
5
8
7
6
2
1797675146
0
1
0
9
9
1
1
4
0
4
8
2
-2
7
9
2
-1
5
8
7
6
2
1797675146
0
1
0
9
9
1
-1
4
0
4
8
2
-2
7
9
2
-1
5
8
7
6
2
1797675146
0
1
0
9
9
1
1
4
0
4
8
2
-1
7
9
2
0
5
8
7
6
2
1797675146
0
1
0
9
9
1
1
4
0
4
8
2
0
7
9
2
-1
5
8
7
6
2
1797675146
0
1
0
9
9
1
0
4
0
4
8
2
-2
7
9
2
-1
5
2
894936008
2
674544166
3
1696084511
6
8
6
2
1640328516
6
1
1850128010
5
3
1735127575
4
7
7
6
5
5
9
8
9
5
2
28880057
2
248604353
5
3
955729083
4
8
5
8
1
1551042188
3
1918427257
9
9
6
1
1828813229
5
8
1
0
3
-1
9
9
6
1
1828813229
5
8
1
0
3
-1
9
9
6
1
0
5
8
1
0
3
-1
9
9
6
1
-1
5
8
1
0
3
-1
9
9
6
1
0
5
8
1
0
3
0
9
9
6
1
-1
5
8
1
0
3
0
9
9
6
1
0
5
8
1
0
3
1
9
9
6
1
-1
5
8
1
0
3
-1
9
9
6
1
-1
5
1
767430176
6
6
1
1867679561
7
3
174403967
2
1009738529
4
2
1523844305
8
9
7
7
7
9
5
1
0
6
6
1
-1
7
3
174403967
2
1009738529
4
2
1523844305
8
9
7
7
7
9
5
1
0
6
6
1
-1
7
3
1
2
-2
4
2
1523844305
8
9
7
7
7
9
5
1
0
6
6
1
-1
7
3
0
2
-2
4
2
1523844305
8
9
7
7
7
9
5
1
0
6
6
1
-1
7
3
-1
2
-2
4
2
1523844305
8
9
7
7
7
9
5
1
0
6
6
1
-1
7
3
-1
2
-2
4
2
0
8
9
7
7
7
9
5
1
0
6
6
1
-1
7
3
-1
2
-2
4
2
-1
8
9
7
7
7
9
5
1
0
6
6
1
0
7
3
-1
2
-2
4
2
-1
8
9
7
7
7
9
5
1
0
6
6
1
1
7
3
-1
2
-2
4
2
-1
8
9
7
7
7
9
5
1
0
6
6
1
-1
7
3
-1
2
-2
4
2
-1
8
9
7
7
7
9
5
1
0
6
6
1
0
7
3
0
2
-2
4
2
-1
8
9
7
7
7
9
5
1
0
6
6
1
0
7
3
-1
2
0
4
2
-1
8
9
7
7
7
9
5
1
0
6
6
1
1
7
3
-1
2
0
4
2
-1
8
9
7
7
7
9
5
1
0
6
6
1
-1
7
3
-1
2
0
4
2
-1
8
9
7
7
7
9
5
1
0
6
6
1
0
7
3
-1
2
1
4
2
-1
8
9
7
7
7
9
5
1
0
6
6
1
0
7
3
-1
2
-1
4
2
-1
8
9
7
7
7
9
5
1
0
6
6
1
0
7
3
0
2
0
4
2
-1
8
9
7
7
7
9
5
5
8
2
1142758535
2
216180839
2
1688452220
2
1395239142
5
9
5
5
3
13811062
5
8
4
3
1111130396
4
4
0
2
336391215
5
2
1356458492
4
7
4
1
1134643000
3
1239628396
6
2
1418783301
5
2
1356458492
4
7
4
1
0
3
0
6
2
1418783301
5
2
1356458492
4
7
4
1
0
3
0
6
2
-1
5
2
1356458492
4
7
4
1
0
3
-1
6
2
-1
5
2
1356458492
4
7
4
1
0
3
-1
6
2
0
5
2
1356458492
4
7
4
1
0
3
0
6
2
0
5
2
1356458492
4
7
4
1
0
3
-1
6
2
-1
5
2
1356458492
4
7
4
1
0
3
-1
6
2
1
5
5
6
1
1278362036
3
1334162500
3
1502230423
1
890049504
5
6
1
0
3
1
3
0
1
890049504
5
6
1
0
3
-1
3
0
1
890049504
5
6
1
0
3
-1
3
0
1
0
5
6
1
0
3
-1
3
0
1
-1
5
6
1
0
3
0
3
0
1
0
5
6
1
0
3
-1
3
0
1
1
5
6
1
0
3
-1
3
-1
1
0
5
6
1
0
3
-1
3
1
1
0
5
5
9
8
6
6
3
338375718
8
2
687278017
8
9
2
1613576215
0
3
1317211089
2
672415293
1
849682518
6
5
1
1871726324
4
2
1221145184
0
2
318635780
2
1402983898
0
2
1788494374
4
1
328634955
5
1
0
4
2
-1
0
2
0
2
1402983898
0
2
1788494374
4
1
328634955
5
1
0
4
2
-1
0
2
1
2
1402983898
0
2
1788494374
4
1
328634955
5
1
0
4
2
-1
0
2
1
2
1
0
2
1
4
1
0
5
1
0
4
2
0
0
2
1
2
1
0
2
1
4
1
0
5
1
0
4
2
-1
0
2
1
2
1
0
2
1
4
1
-1
5
1
0
4
2
-1
0
2
1
2
1
0
2
1
4
1
1
5
1
0
4
2
-1
0
2
1
2
0
0
2
1
4
1
0
5
1
0
4
2
-1
0
2
1
2
1
0
2
-1
4
1
0
5
1
0
4
2
-1
0
2
0
2
1
0
2
1
4
1
0
5
1
0
4
2
-1
0
2
1
2
-1
0
2
1
4
1
0
5
1
0
4
2
-1
0
2
-1
2
1
0
2
1
4
1
0
5
1
0
4
2
-1
0
2
1
2
1
0
2
0
4
1
0
5
1
1305633685
1
1821046941
4
8
7
1
689865050
7
4
8
5
1
0
1
0
4
8
7
1
689865050
7
4
8
5
1
0
1
0
4
8
7
1
-1
7
4
8
5
1
0
1
1
4
8
7
1
689865050
7
4
8
5
1
0
1
-1
4
8
7
1
689865050
7
4
8
5
1
0
1
0
4
8
7
1
0
7
4
8
5
1
779633597
2
2045516393
0
1
1334213855
0
5
1
0
2
1
0
1
0
0
5
1
0
2
-1
0
1
0
0
5
1
0
2
-1
0
1
-1
0
5
1
0
2
-1
0
1
0
0
5
1
0
2
0
0
1
-1
0
5
1
0
2
-1
0
1
-1
0
5
1
0
2
1
0
1
-1
0
5
2
36311750
1
374971162
3
176397046
7
0
5
2
36311750
1
0
3
0
7
0
5
2
36311750
1
0
3
1
7
0
5
2
36311750
1
0
3
-1
7
0
5
2
36311750
1
0
3
0
7
0
5
9
7
3
736168870
5
9
0
6
6
2
1438461099
0
8
0
3
1042684852
5
4
6
4
6
5
9
8
1
2070758904
3
867967616
3
50676877
2
1401351631
3
409369021
1
1590641579
2
297573354
5
9
8
1
0
3
-1
3
-1
2
0
3
409369021
1
1590641579
2
297573354
5
9
8
1
0
3
-1
3
-1
2
1
3
409369021
1
1590641579
2
297573354
5
9
8
1
0
3
-1
3
-1
2
1
3
1
1
0
2
297573354
5
9
8
1
0
3
-1
3
-1
2
1
3
0
1
0
2
297573354
5
9
8
1
0
3
-1
3
-1
2
1
3
0
1
1
2
297573354
5
9
8
1
0
3
0
3
-1
2
1
3
0
1
0
2
297573354
5
9
8
1
0
3
-1
3
-1
2
1
3
0
1
-1
2
297573354
5
9
8
1
0
3
-1
3
-1
2
-1
3
0
1
0
2
297573354
5
9
8
1
0
3
-1
3
0
2
1
3
0
1
0
2
297573354
5
9
8
1
0
3
-1
3
-1
2
0
3
0
1
0
2
297573354
5
9
8
1
0
3
-1
3
-1
2
1
3
1
1
0
2
297573354
5
9
8
1
0
3
-1
3
-1
2
1
3
0
1
0
2
0
5
9
8
1
0
3
-1
3
-1
2
1
3
0
1
0
2
-1
5
9
8
1
0
3
-1
3
-1
2
1
3
-1
1
0
2
297573354
5
4
5
8
2
1917772471
1
798297208
2
468316883
4
5
8
2
1917772471
1
0
2
0
4
5
8
2
1917772471
1
0
2
1
4
5
8
2
1917772471
1
0
2
0
4
5
8
2
1917772471
1
0
2
-1
4
5
4
6
1
1994123319
7
3
1470513363
2
5889465
7
7
4
7
7
4
6
6
7
3
1009458470
3
1781525926
2
2030649623
4
6
6
9
7
6
6
1
1481608433
0
3
1557386000
3
3482408
5
4
6
1
0
7
3
-1
2
-1
7
7
4
7
7
4
6
6
7
3
-1
3
-1
2
1
4
6
6
9
7
6
6
1
0
0
3
1557386000
3
3482408
5
4
6
1
0
7
3
-1
2
-1
7
7
4
7
7
4
6
6
7
3
-1
3
-1
2
0
4
6
6
9
7
6
6
1
0
0
3
1557386000
3
3482408
5
4
6
1
0
7
3
-1
2
-1
7
7
4
7
7
4
6
6
7
3
-1
3
-1
2
0
4
6
6
9
7
6
6
1
0
0
3
1
3
0
5
4
6
1
0
7
3
-1
2
0
7
7
4
7
7
4
6
6
7
3
-1
3
-1
2
0
4
6
6
9
7
6
6
1
0
0
3
1
3
0
5
4
6
1
0
7
3
-1
2
-1
7
7
4
7
7
4
6
6
7
3
-1
3
0
2
0
4
6
6
9
7
6
6
1
0
0
3
1
3
0
5
4
6
1
0
7
3
-1
2
-1
7
7
4
7
7
4
6
6
7
3
-1
3
-1
2
1
4
6
6
9
7
6
6
1
0
0
3
1
3
0
5
4
6
1
0
7
3
-1
2
-1
7
7
4
7
7
4
6
6
7
3
-1
3
-1
2
-1
4
6
6
9
7
6
6
1
0
0
3
1
3
0
5
4
6
1
0
7
3
-1
2
-1
7
7
4
7
7
4
6
6
7
3
0
3
-1
2
0
4
6
6
9
7
6
6
1
0
0
3
1
3
0
5
4
6
1
0
7
3
-1
2
-1
7
7
4
7
7
4
6
6
7
3
-1
3
-1
2
0
4
6
6
9
7
6
6
1
0
0
3
-1
3
0
5
4
6
1
0
7
3
0
2
-1
7
7
4
7
7
4
6
6
7
3
-1
3
-1
2
0
4
6
6
9
7
6
6
1
0
0
3
1
3
0
5
4
6
1
0
7
3
-1
2
-1
7
7
4
7
7
4
6
6
7
3
-1
3
-1
2
0
4
6
6
9
7
6
6
1
0
0
3
1
3
1
5
4
6
1
0
7
3
-1
2
-1
7
7
4
7
7
4
6
6
7
3
-1
3
-1
2
0
4
6
6
9
7
6
6
1
0
0
3
1
3
-1
5
4
6
1
0
7
3
-1
2
-1
7
7
4
7
7
4
6
6
7
3
-1
3
-1
2
0
4
6
6
9
7
6
6
1
0
0
3
0
3
0
5
5
4
8
6
6
7
2
357574472
0
4
2
189675968
6
8
6
3
974902951
1
1766746497
0
9
8
2
647049325
5
4
8
6
6
7
2
357574472
0
4
2
189675968
6
8
6
3
974902951
1
0
0
9
8
2
0
5
4
8
6
6
7
2
357574472
0
4
2
189675968
6
8
6
3
974902951
1
0
0
9
8
2
1
5
4
8
6
6
7
2
357574472
0
4
2
189675968
6
8
6
3
974902951
1
0
0
9
8
2
0
5
4
8
6
6
7
2
357574472
0
4
2
189675968
6
8
6
3
974902951
1
0
0
9
8
2
-1
5
4
6
9
0
8
5
0
1
510114971
7
8
8
2
1609949393
6
6
1
1989162449
6
4
4
2
786233744
1
1032444368
6
5
0
1
0
7
8
8
2
1
6
6
1
1
6
4
4
2
0
1
1032444368
6
5
0
1
0
7
8
8
2
1
6
6
1
1
6
4
4
2
0
1
1
6
5
0
1
0
7
8
8
2
1
6
6
1
1
6
4
4
2
0
1
0
6
5
0
1
0
7
8
8
2
-1
6
6
1
1
6
4
4
2
0
1
0
6
5
0
1
0
7
8
8
2
-1
6
6
1
-1
6
4
4
2
0
1
0
6
5
0
1
0
7
8
8
2
0
6
6
1
1
6
4
4
2
0
1
0
6
5
0
1
0
7
8
8
2
1
6
6
1
1
6
4
4
2
0
1
0
6
5
0
1
0
7
8
8
2
-1
6
6
1
1
6
4
4
2
0
1
0
6
5
0
1
0
7
8
8
2
0
6
6
1
0
6
4
4
2
0
1
0
6
5
0
1
0
7
8
8
2
0
6
6
1
0
6
4
4
2
-1
1
0
6
5
2
1072825030
0
0
5
9
5
9
8
5
3
249762117
2
1795092823
9
6
2
1149735082
7
9
3
101488680
2
569890161
7
8
8
0
9
7
4
7
6
5
9
1
1086097144
2
663120588
1
483365380
6
4
1
1837242620
1
1912701726
4
6
5
9
1
0
2
-1
1
-1
6
4
1
0
1
1912701726
4
6
5
9
1
0
2
-1
1
-1
6
4
1
0
1
-1
4
6
5
9
1
0
2
0
1
-1
6
4
1
0
1
-1
4
6
5
9
1
0
2
1
1
-1
6
4
1
0
1
-1
4
6
5
9
1
0
2
1
1
-1
6
4
1
1
1
-1
4
6
5
9
1
0
2
1
1
-1
6
4
1
-2
1
-1
4
6
5
9
1
0
2
1
1
-1
6
4
1
-1
1
-1
4
6
5
9
1
0
2
0
1
-1
6
4
1
0
1
-1
4
6
5
9
1
0
2
1
1
-1
6
4
1
0
1
0
4
6
5
9
1
0
2
1
1
-1
6
4
1
0
1
1
4
6
5
9
1
0
2
1
1
0
6
4
1
0
1
-1
4
6
5
9
1
0
2
1
1
-2
6
4
1
0
1
-1
4
6
5
9
1
0
2
1
1
-1
6
4
1
0
1
-2
4
6
5
9
1
0
2
-1
1
-1
6
4
1
0
1
-1
4
6
5
0
8
5
3
611469294
3
335176196
0
9
5
4
0
2
1377171777
2
13878769
1
1083450759
2
1180605502
1
1888447128
5
4
0
2
1377171777
2
13878769
1
0
2
1
1
0
5
4
0
2
1377171777
2
13878769
1
0
2
0
1
0
5
4
0
2
1377171777
2
13878769
1
0
2
-1
1
0
5
4
0
2
1377171777
2
13878769
1
0
2
-1
1
-1
5
4
0
2
1377171777
2
13878769
1
0
2
0
1
-1
5
4
0
2
1377171777
2
13878769
1
0
2
-1
1
0
5
1
1043394336
9
4
5
1
506832433
4
6
0
5
3
1056247736
3
425619152
8
2
1087317395
2
47652815
0
1
1929336813
5
1
1878192577
4
5
4
3
2144633589
3
823580643
6
9
4
0
8
1
1133851355
5
1
1538795572
5
0
8
4
2
1426809891
9
3
1332177814
4
2
1733841833
4
1
1046760991
2
392403053
1
1304575904
5
0
8
4
2
1426809891
9
3
1332177814
4
2
1733841833
4
1
0
2
-1
1
0
5
0
8
4
2
1426809891
9
3
1332177814
4
2
1733841833
4
1
0
2
-1
1
-1
5
0
8
4
2
1426809891
9
3
1332177814
4
2
1733841833
4
1
0
2
0
1
-1
5
0
8
4
2
1426809891
9
3
1332177814
4
2
1733841833
4
1
0
2
1
1
-1
5
0
8
4
2
1426809891
9
3
1332177814
4
2
1733841833
4
1
0
2
1
1
0
5
0
8
4
2
1426809891
9
3
1332177814
4
2
1733841833
4
1
0
2
-1
1
-1
5
0
8
4
2
1426809891
9
3
1332177814
4
2
1733841833
4
1
0
2
0
1
-1
5
4
5
8
7
4
1
1918595495
3
856143080
2
397483759
9
7
6
9
5
8
7
4
1
0
3
0
2
397483759
9
7
6
9
5
8
7
4
1
0
3
1
2
397483759
9
7
6
9
5
8
7
4
1
0
3
1
2
0
9
7
6
9
5
8
7
4
1
0
3
1
2
-1
9
7
6
9
5
8
7
4
1
0
3
1
2
1
9
7
6
9
5
8
7
4
1
0
3
-1
2
0
9
7
6
9
5
8
7
4
1
0
3
0
2
0
9
7
6
9
5
1
339359770
6
7
5
4
4
7
8
8
6
2
1714522578
8
5
5
0
2
1728854073
4
0
5
9
0
8
4
0
5
7
1
1582894569
4
2
1999770569
4
9
1
1288610409
5
7
1
0
4
2
-1
4
9
1
1288610409
5
7
1
0
4
2
-1
4
9
1
0
5
7
1
0
4
2
0
4
9
1
0
5
7
1
0
4
2
-1
4
9
1
0
5
7
1
0
4
2
1
4
9
1
0
5
4
1
1045538456
3
1926499992
7
1
21491617
9
1
1284949422
7
7
4
7
7
5
4
1
0
3
1
7
1
-1
9
1
-1
7
7
4
7
7
5
4
1
0
3
-1
7
1
-1
9
1
-1
7
7
4
7
7
5
4
1
0
3
-1
7
1
-2
9
1
-1
7
7
4
7
7
5
4
1
0
3
0
7
1
-1
9
1
-1
7
7
4
7
7
5
4
1
0
3
0
7
1
-1
9
1
-2
7
7
4
7
7
5
4
1
0
3
0
7
1
-2
9
1
-1
7
7
4
7
7
5
4
1
0
3
0
7
1
0
9
1
-1
7
7
4
7
7
5
4
1
0
3
0
7
1
-1
9
1
0
7
7
4
7
7
5
4
1
0
3
0
7
1
-1
9
1
1
7
7
4
7
7
5
4
1
0
3
1
7
1
-1
9
1
-1
7
7
4
7
7
5
4
1
0
3
-1
7
1
-1
9
1
-1
7
7
4
7
7
5
8
8
1
98999772
4
7
2
1203520048
6
3
1222652610
9
3
163638193
6
9
8
7
0
4
3
565614341
7
7
2
1529142823
9
1
1796308290
8
0
1
769051768
4
3
1746367943
1
89223278
3
264523360
1
2025056953
1
1433027917
8
7
6
7
6
8
3
1549047259
0
0
9
4
5
8
8
1
0
4
7
2
1
6
3
1
9
3
1
6
9
8
7
0
4
3
1
7
7
2
1
9
1
3
8
0
1
1
4
3
2
1
-1
3
-2
1
2025056953
1
1433027917
8
7
6
7
6
8
3
1549047259
0
0
9
4
5
8
8
1
0
4
7
2
1
6
3
1
9
3
1
6
9
8
7
0
4
3
1
7
7
2
-1
9
1
3
8
0
1
1
4
3
2
1
-1
3
-2
1
2025056953
1
1433027917
8
7
6
7
6
8
3
1549047259
0
0
9
4
5
8
8
1
0
4
7
2
1
6
3
1
9
3
0
6
9
8
7
0
4
3
1
7
7
2
-1
9
1
3
8
0
1
1
4
3
2
1
-1
3
-2
1
2025056953
1
1433027917
8
7
6
7
6
8
3
1549047259
0
0
9
4
5
8
8
1
0
4
7
2
1
6
3
1
9
3
0
6
9
8
7
0
4
3
1
7
7
2
-1
9
1
3
8
0
1
1
4
3
2
1
-1
3
-2
1
4
1
3
8
7
6
7
6
8
3
1549047259
0
0
9
4
5
8
8
1
0
4
7
2
0
6
3
1
9
3
0
6
9
8
7
0
4
3
1
7
7
2
-1
9
1
3
8
0
1
1
4
3
2
1
-1
3
-2
1
4
1
3
8
7
6
7
6
8
3
1549047259
0
0
9
4
5
8
8
1
0
4
7
2
0
6
3
1
9
3
0
6
9
8
7
0
4
3
1
7
7
2
-1
9
1
0
8
0
1
-2
4
3
-1
1
-3
3
-4
1
-1
1
3
8
7
6
7
6
8
3
1549047259
0
0
9
4
5
8
8
1
0
4
7
2
1
6
3
1
9
3
0
6
9
8
7
0
4
3
1
7
7
2
-1
9
1
3
8
0
1
1
4
3
2
1
-1
3
-2
1
4
1
3
8
7
6
7
6
8
3
1549047259
0
0
9
4
5
8
8
1
0
4
7
2
0
6
3
1
9
3
0
6
9
8
7
0
4
3
1
7
7
2
-1
9
1
0
8
0
1
-2
4
3
-1
1
-3
3
-4
1
1
1
-1
8
7
6
7
6
8
3
1549047259
0
0
9
4
5
8
8
1
0
4
7
2
0
6
3
1
9
3
0
6
9
8
7
0
4
3
1
7
7
2
-1
9
1
0
8
0
1
-2
4
3
-1
1
-3
3
-4
1
1
1
-1
8
7
6
7
6
8
3
0
0
0
9
4
5
8
8
1
0
4
7
2
0
6
3
1
9
3
0
6
9
8
7
0
4
3
1
7
7
2
-1
9
1
0
8
0
1
-2
4
3
-1
1
-3
3
-4
1
-1
1
-1
8
7
6
7
6
8
3
1549047259
0
0
9
4
5
8
8
1
0
4
7
2
-1
6
3
1
9
3
0
6
9
8
7
0
4
3
1
7
7
2
-1
9
1
0
8
0
1
-2
4
3
-1
1
-3
3
-4
1
1
1
-1
8
7
6
7
6
8
3
1549047259
0
0
9
4
5
8
8
1
0
4
7
2
0
6
3
1
9
3
0
6
9
8
7
0
4
3
1
7
7
2
-1
9
1
0
8
0
1
-2
4
3
-1
1
0
3
-4
1
1
1
-1
8
7
6
7
6
8
3
1549047259
0
0
9
4
5
8
8
1
0
4
7
2
0
6
3
1
9
3
0
6
9
8
7
0
4
3
1
7
7
2
-1
9
1
0
8
0
1
-2
4
3
-1
1
-1
3
-4
1
1
1
-1
8
7
6
7
6
8
3
1549047259
0
0
9
4
5
8
8
1
0
4
7
2
1
6
3
1
9
3
0
6
9
8
7
0
4
3
1
7
7
2
-1
9
1
0
8
0
1
-2
4
3
-1
1
-3
3
-4
1
1
1
-1
8
7
6
7
6
8
3
1549047259
0
0
9
4
5
8
8
1
0
4
7
2
0
6
3
1
9
3
0
6
9
8
7
0
4
3
1
7
7
2
-1
9
1
0
8
0
1
-2
4
3
-1
1
-3
3
-4
1
1
1
-3
8
7
6
7
6
8
3
1549047259
0
0
9
4
5
8
8
1
0
4
7
2
0
6
3
1
9
3
0
6
9
8
7
0
4
3
1
7
7
2
-1
9
1
0
8
0
1
-2
4
3
-1
1
-3
3
0
1
1
1
-1
8
7
6
7
6
8
3
1549047259
0
0
9
4
5
8
8
1
0
4
7
2
0
6
3
1
9
3
0
6
9
8
7
0
4
3
1
7
7
2
-1
9
1
0
8
0
1
-2
4
3
-1
1
-3
3
-1
1
1
1
-1
8
7
6
7
6
8
3
1549047259
0
0
9
4
5
8
8
1
0
4
7
2
0
6
3
1
9
3
0
6
9
8
7
0
4
3
1
7
7
2
-1
9
1
0
8
0
1
0
4
3
-1
1
-3
3
-4
1
1
1
-1
8
7
6
7
6
8
3
1549047259
0
0
9
4
5
8
8
1
0
4
7
2
0
6
3
1
9
3
0
6
9
8
7
0
4
3
1
7
7
2
-1
9
1
0
8
0
1
-2
4
3
-1
1
-3
3
-4
1
-4
1
-1
8
7
6
7
6
8
3
1549047259
0
0
9
4
5
8
8
1
0
4
7
2
0
6
3
1
9
3
0
6
9
8
7
0
4
3
1
7
7
2
-1
9
1
0
8
0
1
-3
4
3
-1
1
-4
3
-5
1
1
1
-2
8
7
6
7
6
8
3
-1
0
0
9
4
5
8
8
1
0
4
7
2
0
6
3
1
9
3
0
6
9
8
7
0
4
3
1
7
7
2
-1
9
1
0
8
0
1
-1
4
3
0
1
-3
3
-4
1
1
1
-1
8
7
6
7
6
8
3
1549047259
0
0
9
4
5
8
8
1
0
4
7
2
0
6
3
1
9
3
0
6
9
8
7
0
4
3
1
7
7
2
-1
9
1
0
8
0
1
-1
4
3
1
1
-3
3
-4
1
1
1
-1
8
7
6
7
6
8
3
1549047259
0
0
9
4
5
8
8
1
0
4
7
2
0
6
3
1
9
3
0
6
9
8
7
0
4
3
1
7
7
2
-1
9
1
0
8
0
1
-2
4
3
-1
1
-3
3
-4
1
1
1
0
8
7
6
7
6
8
3
1549047259
0
0
9
4
5
8
8
1
0
4
7
2
0
6
3
1
9
3
0
6
9
8
7
0
4
3
1
7
7
2
-1
9
1
0
8
0
1
-2
4
3
-1
1
-3
3
-4
1
2
1
1
8
7
6
7
6
8
3
1549047259
0
0
9
4
5
8
8
1
0
4
7
2
0
6
3
1
9
3
0
6
9
8
7
0
4
3
1
7
7
2
-1
9
1
0
8
0
1
-2
4
3
-1
1
-3
3
-4
1
1
1
-1
8
7
6
7
6
8
3
-2
0
0
9
4
5
8
8
1
0
4
7
2
0
6
3
1
9
3
0
6
9
8
7
0
4
3
1
7
7
2
-1
9
1
0
8
0
1
-2
4
3
-1
1
-3
3
-4
1
1
1
-1
8
7
6
7
6
8
3
-3
0
0
9
4
5
8
8
1
0
4
7
2
0
6
3
1
9
3
0
6
9
8
7
0
4
3
1
7
7
2
-1
9
1
0
8
0
1
-2
4
3
-1
1
-3
3
-4
1
1
1
-4
8
7
6
7
6
8
3
1549047259
0
0
9
4
5
8
8
1
0
4
7
2
0
6
3
1
9
3
0
6
9
8
7
0
4
3
1
7
7
2
-1
9
1
0
8
0
1
-2
4
3
-1
1
-3
3
-4
1
1
1
1
8
7
6
7
6
8
3
1549047259
0
0
9
4
5
8
8
1
0
4
7
2
0
6
3
1
9
3
0
6
9
8
7
0
4
3
1
7
7
2
-1
9
1
0
8
0
1
-2
4
3
-1
1
-3
3
-4
1
1
1
2
8
7
6
7
6
8
3
1549047259
0
0
9
4
5
8
8
1
0
4
7
2
0
6
3
1
9
3
0
6
9
8
7
0
4
3
1
7
7
2
-1
9
1
0
8
0
1
-1
4
3
-2
1
-3
3
-4
1
1
1
-1
8
7
6
7
6
8
3
1549047259
0
0
9
4
5
8
8
1
0
4
7
2
0
6
3
1
9
3
0
6
9
8
7
0
4
3
1
7
7
2
-1
9
1
0
8
0
1
-2
4
3
-1
1
-3
3
-4
1
1
1
-1
8
7
6
7
6
8
3
-1
0
0
9
4
5
8
8
1
0
4
7
2
0
6
3
1
9
3
0
6
9
8
7
0
4
3
1
7
7
2
-1
9
1
0
8
0
1
-2
4
3
-1
1
-3
3
-4
1
1
1
-2
8
7
6
7
6
8
3
1549047259
0
0
9
4
5
3
214913530
8
5
1
72854389
4
6
5
6
7
7
6
6
8
3
1088226484
4
5
9
7
8
9
7
9
8
7
5
9
3
233413678
7
7
8
6
4
4
8
0
2
910900821
6
8
2
1428797606
6
9
3
264496370
7
6
3
310396236
1
1082708744
7
7
2
1641243861
6
6
0
4
5
9
3
233413678
7
7
8
6
4
4
8
0
2
910900821
6
8
2
1428797606
6
9
3
264496370
7
6
3
310396236
1
0
7
7
2
-1
6
6
0
4
5
9
3
233413678
7
7
8
6
4
4
8
0
2
910900821
6
8
2
1428797606
6
9
3
264496370
7
6
3
310396236
1
0
7
7
2
0
6
6
0
4
5
9
3
233413678
7
7
8
6
4
4
8
0
2
910900821
6
8
2
1428797606
6
9
3
264496370
7
6
3
310396236
1
0
7
7
2
1
6
6
0
4
5
9
3
233413678
7
7
8
6
4
4
8
0
2
910900821
6
8
2
1428797606
6
9
3
264496370
7
6
3
310396236
1
0
7
7
2
-1
6
6
0
4
5
8
9
4
1
87953607
1
2112841155
3
1649324887
6
7
6
4
2
1163219017
4
9
6
7
8
8
2
1054701473
5
8
9
4
1
0
1
2
3
1
6
7
6
4
2
1
4
9
6
7
8
8
2
-1
5
8
9
4
1
0
1
2
3
1
6
7
6
4
2
0
4
9
6
7
8
8
2
-1
5
8
9
4
1
0
1
1
3
-1
6
7
6
4
2
0
4
9
6
7
8
8
2
-1
5
8
9
4
1
0
1
-1
3
-1
6
7
6
4
2
0
4
9
6
7
8
8
2
-1
5
8
9
4
1
0
1
0
3
-1
6
7
6
4
2
0
4
9
6
7
8
8
2
-1
5
8
9
4
1
0
1
1
3
-1
6
7
6
4
2
0
4
9
6
7
8
8
2
-1
5
8
9
4
1
0
1
-1
3
-1
6
7
6
4
2
0
4
9
6
7
8
8
2
-1
5
8
9
4
1
0
1
0
3
0
6
7
6
4
2
0
4
9
6
7
8
8
2
-1
5
8
9
4
1
0
1
0
3
-1
6
7
6
4
2
1
4
9
6
7
8
8
2
-1
5
8
9
4
1
0
1
0
3
-1
6
7
6
4
2
-1
4
9
6
7
8
8
2
-1
5
3
1206720040
9
2
10238324
5
1
2044597488
9
6
9
4
9
9
7
3
252430317
7
0
5
1
0
9
6
9
4
9
9
7
3
0
7
0
5
1
0
9
6
9
4
9
9
7
3
1
7
0
5
1
0
9
6
9
4
9
9
7
3
-1
7
0
5
1
0
9
6
9
4
9
9
7
3
0
7
0
5
8
9
6
9
9
8
8
4
1
898196897
2
564246121
3
2077471340
3
1429326080
8
0
5
8
9
6
9
9
8
8
4
1
0
2
-1
3
-1
3
1429326080
8
0
5
8
9
6
9
9
8
8
4
1
0
2
0
3
-1
3
1429326080
8
0
5
8
9
6
9
9
8
8
4
1
0
2
1
3
-1
3
1429326080
8
0
5
8
9
6
9
9
8
8
4
1
0
2
1
3
-1
3
0
8
0
5
8
9
6
9
9
8
8
4
1
0
2
1
3
0
3
0
8
0
5
8
9
6
9
9
8
8
4
1
0
2
0
3
-1
3
0
8
0
5
8
9
6
9
9
8
8
4
1
0
2
-1
3
-1
3
0
8
0
5
8
9
6
9
9
8
8
4
1
0
2
1
3
-1
3
-1
8
0
5
8
9
6
9
9
8
8
4
1
0
2
1
3
-1
3
1
8
0
5
2
1261528993
5
6
3
1105621788
6
4
5
6
3
1809718971
8
7
8
2
1291454099
8
7
4
8
7
4
3
362326763
1
1542425405
8
7
2
1417762467
5
6
3
1809718971
8
7
8
2
1291454099
8
7
4
8
7
4
3
362326763
1
0
8
7
2
0
5
6
3
1809718971
8
7
8
2
1291454099
8
7
4
8
7
4
3
362326763
1
0
8
7
2
1
5
6
3
1809718971
8
7
8
2
1291454099
8
7
4
8
7
4
3
362326763
1
0
8
7
2
-1
5
6
3
1809718971
8
7
8
2
1291454099
8
7
4
8
7
4
3
362326763
1
0
8
7
2
0
5
4
2
1077810642
8
3
676236650
6
7
2
323270197
4
4
0
9
9
2
1796433197
0
4
2
2069806657
5
1
1218919470
7
3
1789453664
0
4
8
3
72905916
0
9
0
3
1693882728
4
2
672893851
2
108481438
2
254296424
8
0
0
9
6
5
1
0
7
3
1
0
4
8
3
-1
0
9
0
3
1
4
2
-1
2
-1
2
0
8
0
0
9
6
5
1
0
7
3
1
0
4
8
3
-1
0
9
0
3
0
4
2
-1
2
-1
2
0
8
0
0
9
6
5
1
0
7
3
1
0
4
8
3
-1
0
9
0
3
0
4
2
-1
2
-1
2
1
8
0
0
9
6
5
1
0
7
3
1
0
4
8
3
-1
0
9
0
3
0
4
2
0
2
-1
2
1
8
0
0
9
6
5
1
0
7
3
1
0
4
8
3
0
0
9
0
3
0
4
2
-1
2
-1
2
1
8
0
0
9
6
5
1
0
7
3
1
0
4
8
3
-1
0
9
0
3
0
4
2
-1
2
-1
2
-1
8
0
0
9
6
5
1
0
7
3
1
0
4
8
3
-1
0
9
0
3
0
4
2
-1
2
0
2
1
8
0
0
9
6
5
1
0
7
3
1
0
4
8
3
-1
0
9
0
3
0
4
2
-1
2
-1
2
0
8
0
0
9
6
5
1
0
7
3
-1
0
4
8
3
-1
0
9
0
3
0
4
2
-1
2
-1
2
1
8
0
0
9
6
5
1
0
7
3
1
0
4
8
3
-1
0
9
0
3
1
4
2
-1
2
-1
2
1
8
0
0
9
6
5
1
0
7
3
1
0
4
8
3
-1
0
9
0
3
-1
4
2
-1
2
-1
2
1
8
0
0
9
6
5
1
0
7
3
0
0
4
8
3
-1
0
9
0
3
0
4
2
-1
2
-1
2
1
8
0
0
9
6
5
7
3
210959736
6
2
1364564405
3
1332705859
9
0
6
5
7
2
462200746
1
1616289316
3
1802306290
3
1583007520
5
7
2
462200746
1
0
3
0
3
1583007520
5
7
2
462200746
1
0
3
0
3
-1
5
7
2
462200746
1
0
3
1
3
1583007520
5
7
2
462200746
1
0
3
-1
3
1583007520
5
7
2
462200746
1
0
3
0
3
0
5
4
7
7
8
9
5
8
1
858919772
9
7
8
0
8
4
4
5
6
1
688481411
8
2
2134526876
7
8
3
1528549482
4
8
9
3
618333392
5
6
1
0
8
2
1
7
8
3
0
4
8
9
3
618333392
5
6
1
0
8
2
-1
7
8
3
0
4
8
9
3
618333392
5
6
1
0
8
2
0
7
8
3
0
4
8
9
3
618333392
5
6
1
0
8
2
-1
7
8
3
0
4
8
9
3
618333392
5
6
1
0
8
2
1
7
8
3
0
4
8
9
3
618333392
5
8
6
7
6
6
9
8
7
4
2
1610552693
1
1495726339
6
9
1
5292373
0
4
8
4
7
2
711764423
8
4
2
1311333277
7
0
1
1293020665
8
8
3
1731226914
0
1
1585269913
4
4
9
8
5
8
6
7
6
6
9
8
7
4
2
1610552693
1
0
6
9
1
-2
0
4
8
4
7
2
-1
8
4
2
-1
7
0
1
-2
8
8
3
1731226914
0
1
1585269913
4
4
9
8
5
8
6
7
6
6
9
8
7
4
2
1610552693
1
0
6
9
1
-1
0
4
8
4
7
2
-1
8
4
2
-1
7
0
1
-2
8
8
3
1731226914
0
1
1585269913
4
4
9
8
5
8
6
7
6
6
9
8
7
4
2
1610552693
1
0
6
9
1
-1
0
4
8
4
7
2
-1
8
4
2
-1
7
0
1
-1
8
8
3
-1
0
1
1585269913
4
4
9
8
5
8
6
7
6
6
9
8
7
4
2
1610552693
1
0
6
9
1
-1
0
4
8
4
7
2
-1
8
4
2
-1
7
0
1
-1
8
8
3
-2
0
1
1585269913
4
4
9
8
5
8
6
7
6
6
9
8
7
4
2
1610552693
1
0
6
9
1
-1
0
4
8
4
7
2
-1
8
4
2
-1
7
0
1
-1
8
8
3
-2
0
1
-1
4
4
9
8
5
8
6
7
6
6
9
8
7
4
2
1610552693
1
0
6
9
1
-1
0
4
8
4
7
2
-1
8
4
2
-1
7
0
1
-1
8
8
3
-2
0
1
-2
4
4
9
8
5
8
6
7
6
6
9
8
7
4
2
1610552693
1
0
6
9
1
-1
0
4
8
4
7
2
-1
8
4
2
0
7
0
1
-1
8
8
3
-2
0
1
1585269913
4
4
9
8
5
8
6
7
6
6
9
8
7
4
2
1610552693
1
0
6
9
1
-1
0
4
8
4
7
2
-1
8
4
2
0
7
0
1
0
8
8
3
-1
0
1
-1
4
4
9
8
5
8
6
7
6
6
9
8
7
4
2
1610552693
1
0
6
9
1
-2
0
4
8
4
7
2
-1
8
4
2
0
7
0
1
-1
8
8
3
-2
0
1
1585269913
4
4
9
8
5
8
6
7
6
6
9
8
7
4
2
1610552693
1
0
6
9
1
-1
0
4
8
4
7
2
-1
8
4
2
0
7
0
1
0
8
8
3
0
0
1
1585269913
4
4
9
8
5
8
6
7
6
6
9
8
7
4
2
1610552693
1
0
6
9
1
-1
0
4
8
4
7
2
-2
8
4
2
0
7
0
1
-1
8
8
3
-2
0
1
1585269913
4
4
9
8
5
8
6
7
6
6
9
8
7
4
2
1610552693
1
0
6
9
1
0
0
4
8
4
7
2
-1
8
4
2
0
7
0
1
-1
8
8
3
-2
0
1
1585269913
4
4
9
8
5
8
6
7
6
6
9
8
7
4
2
1610552693
1
0
6
9
1
-1
0
4
8
4
7
2
-1
8
4
2
1
7
0
1
-1
8
8
3
-2
0
1
1585269913
4
4
9
8
5
8
6
7
6
6
9
8
7
4
2
1610552693
1
0
6
9
1
-1
0
4
8
4
7
2
0
8
4
2
0
7
0
1
-1
8
8
3
-2
0
1
1585269913
4
4
9
8
5
8
6
7
6
6
9
8
7
4
2
1610552693
1
0
6
9
1
-1
0
4
8
4
7
2
1
8
4
2
0
7
0
1
-1
8
8
3
-2
0
1
1585269913
4
4
9
8
5
8
6
7
6
6
9
8
7
4
2
1610552693
1
0
6
9
1
-1
0
4
8
4
7
2
-1
8
4
2
-1
7
0
1
-1
8
8
3
-2
0
1
1585269913
4
4
9
8
5
8
6
7
6
6
9
8
7
4
2
1610552693
1
0
6
9
1
-1
0
4
8
4
7
2
-1
8
4
2
0
7
0
1
0
8
8
3
-1
0
1
0
4
4
9
8
5
9
7
3
1820767781
5
1
353754979
2
1633824742
3
1811548965
4
2
1476246582
6
1
2011268528
8
6
9
0
0
4
4
8
9
1
431795671
7
4
9
9
8
5
1
0
2
1
3
1
4
2
1
6
1
1
8
6
9
0
0
4
4
8
9
1
0
7
4
9
9
8
5
1
0
2
0
3
1
4
2
1
6
1
1
8
6
9
0
0
4
4
8
9
1
0
7
4
9
9
8
5
1
0
2
-1
3
1
4
2
1
6
1
1
8
6
9
0
0
4
4
8
9
1
0
7
4
9
9
8
5
1
0
2
-1
3
0
4
2
1
6
1
1
8
6
9
0
0
4
4
8
9
1
0
7
4
9
9
8
5
1
0
2
-1
3
-1
4
2
1
6
1
1
8
6
9
0
0
4
4
8
9
1
0
7
4
9
9
8
5
1
0
2
-1
3
-1
4
2
1
6
1
1
8
6
9
0
0
4
4
8
9
1
-1
7
4
9
9
8
5
1
0
2
-1
3
0
4
2
1
6
1
1
8
6
9
0
0
4
4
8
9
1
0
7
4
9
9
8
5
1
0
2
0
3
-1
4
2
1
6
1
1
8
6
9
0
0
4
4
8
9
1
0
7
4
9
9
8
5
1
0
2
-1
3
-1
4
2
1
6
1
2
8
6
9
0
0
4
4
8
9
1
1
7
4
9
9
8
5
1
0
2
-1
3
-1
4
2
1
6
1
-1
8
6
9
0
0
4
4
8
9
1
0
7
4
9
9
8
5
1
0
2
-1
3
-1
4
2
-1
6
1
1
8
6
9
0
0
4
4
8
9
1
0
7
4
9
9
8
5
1
0
2
-1
3
-1
4
2
0
6
1
1
8
6
9
0
0
4
4
8
9
1
0
7
4
9
9
8
5
1
0
2
-1
3
-1
4
2
1
6
1
1
8
6
9
0
0
4
4
8
9
1
1
7
4
9
9
8
5
1
0
2
-1
3
-1
4
2
1
6
1
1
8
6
9
0
0
4
4
8
9
1
2
7
4
9
9
8
5
1
0
2
-1
3
-1
4
2
1
6
1
0
8
6
9
0
0
4
4
8
9
1
0
7
4
9
9
8
5
4
9
6
2
12526105
0
6
5
7
9
1
931488588
1
310450369
0
4
4
3
1105295120
1
1073316864
2
690171519
1
2041871488
3
447327038
0
6
8
5
7
9
1
0
1
-1
0
4
4
3
-2
1
1073316864
2
690171519
1
2041871488
3
447327038
0
6
8
5
7
9
1
0
1
-1
0
4
4
3
-2
1
2
2
1
1
3
3
0
0
6
8
5
7
9
1
0
1
-1
0
4
4
3
-2
1
2
2
1
1
0
3
0
0
6
8
5
7
9
1
0
1
-1
0
4
4
3
-2
1
1
2
0
1
0
3
0
0
6
8
5
7
9
1
0
1
-1
0
4
4
3
-2
1
1
2
-2
1
0
3
0
0
6
8
5
7
9
1
0
1
-1
0
4
4
3
-2
1
2
2
-2
1
1
3
0
0
6
8
5
7
9
1
0
1
-1
0
4
4
3
-2
1
-2
2
-2
1
0
3
0
0
6
8
5
7
9
1
0
1
-1
0
4
4
3
-2
1
-1
2
-2
1
0
3
0
0
6
8
5
7
9
1
0
1
-1
0
4
4
3
-2
1
1
2
-2
1
0
3
-1
0
6
8
5
7
9
1
0
1
-1
0
4
4
3
-2
1
1
2
0
1
0
3
0
0
6
8
5
7
9
1
0
1
-1
0
4
4
3
-2
1
1
2
-2
1
-2
3
0
0
6
8
5
7
9
1
0
1
-1
0
4
4
3
-2
1
1
2
-2
1
-1
3
0
0
6
8
5
7
9
1
0
1
-1
0
4
4
3
0
1
1
2
-2
1
0
3
0
0
6
8
5
7
9
1
0
1
-1
0
4
4
3
-1
1
1
2
-2
1
0
3
0
0
6
8
5
7
9
1
0
1
0
0
4
4
3
-2
1
1
2
-2
1
0
3
0
0
6
8
5
7
9
1
0
1
-1
0
4
4
3
-2
1
1
2
-2
1
1
3
0
0
6
8
5
7
9
1
0
1
-1
0
4
4
3
-2
1
1
2
-2
1
2
3
0
0
6
8
5
7
9
1
0
1
-1
0
4
4
3
-2
1
1
2
-2
1
0
3
-2
0
6
8
5
7
9
1
0
1
-1
0
4
4
3
-2
1
2
2
-2
1
0
3
1
0
6
8
5
7
9
1
0
1
-1
0
4
4
3
-2
1
1
2
-2
1
0
3
1
0
6
8
5
7
9
1
0
1
-1
0
4
4
3
-2
1
1
2
-2
1
0
3
2
0
6
8
5
7
9
1
0
1
-1
0
4
4
3
-2
1
0
2
-2
1
0
3
0
0
6
8
5
0
9
5
3
1499584854
5
8
8
6
6
2
1071151065
0
6
2
88699931
7
8
8
5
8
9
7
2
1905832633
2
1122018094
1
391500080
4
9
7
5
5
4
1
1093350146
6
9
1
1442770498
2
2001001329
5
4
1
0
6
9
1
1
2
0
5
4
1
0
6
9
1
-1
2
0
5
4
1
0
6
9
1
-1
2
-2
5
4
1
0
6
9
1
0
2
-2
5
4
1
0
6
9
1
-1
2
-2
5
4
1
0
6
9
1
1
2
-2
5
4
1
0
6
9
1
0
2
0
5
4
1
0
6
9
1
-1
2
0
5
4
1
0
6
9
1
1
2
0
5
4
1
0
6
9
1
0
2
1
5
4
1
0
6
9
1
0
2
-1
5
1
777288485
2
196300581
0
1
1016749742
8
3
657186806
0
5
1
0
2
-1
0
1
0
8
3
657186806
0
5
1
0
2
-1
0
1
-1
8
3
657186806
0
5
1
0
2
-1
0
1
-1
8
3
0
0
5
1
0
2
0
0
1
-1
8
3
0
0
5
1
0
2
1
0
1
-1
8
3
0
0
5
1
0
2
1
0
1
-1
8
3
-1
0
5
1
0
2
1
0
1
0
8
3
-1
0
5
1
0
2
0
0
1
-1
8
3
-1
0
5
1
0
2
-1
0
1
-1
8
3
-1
0
5
1
0
2
1
0
1
-1
8
3
-2
0
5
1
0
2
1
0
1
-2
8
3
-1
0
5
1
0
2
1
0
1
-1
8
3
0
0
5
1
0
2
1
0
1
-1
8
3
1
0
5
6
1
547122798
0
6
9
2
1234876149
5
6
1
0
0
6
9
2
-1
5
6
1
0
0
6
9
2
0
5
6
1
0
0
6
9
2
-1
5
6
1
0
0
6
9
2
1
5
4
5
6
6
1
890541393
6
4
8
3
2086716311
9
4
8
3
1426046238
5
6
6
1
0
6
4
8
3
-1
9
4
8
3
1426046238
5
6
6
1
0
6
4
8
3
-1
9
4
8
3
0
5
6
6
1
0
6
4
8
3
0
9
4
8
3
0
5
6
6
1
0
6
4
8
3
-1
9
4
8
3
1
5
6
6
1
0
6
4
8
3
-1
9
4
8
3
-1
5
2
1310059351
4
9
5
6
8
0
2
1385328774
7
1
1637227767
0
1
470554478
7
5
6
8
0
2
1385328774
7
1
0
0
1
0
7
5
6
8
0
2
1385328774
7
1
0
0
1
1
7
5
6
8
0
2
1385328774
7
1
0
0
1
-1
7
5
6
8
0
2
1385328774
7
1
0
0
1
0
7
5
4
1
1330793187
8
9
4
3
64088201
2
826317720
9
1
2106113440
6
0
5
4
1
0
8
9
4
3
-1
2
-1
9
1
0
6
0
5
4
1
0
8
9
4
3
-1
2
-1
9
1
-1
6
0
5
4
1
0
8
9
4
3
0
2
-1
9
1
-1
6
0
5
4
1
0
8
9
4
3
0
2
0
9
1
-1
6
0
5
4
1
0
8
9
4
3
0
2
1
9
1
-1
6
0
5
4
1
0
8
9
4
3
1
2
1
9
1
-1
6
0
5
4
1
0
8
9
4
3
1
2
1
9
1
0
6
0
5
4
1
0
8
9
4
3
1
2
0
9
1
-1
6
0
5
4
1
0
8
9
4
3
1
2
-1
9
1
-1
6
0
5
4
1
0
8
9
4
3
-1
2
1
9
1
-1
6
0
5
4
1
0
8
9
4
3
0
2
1
9
1
-1
6
0
5
1
1685216357
6
4
2
2103046938
7
8
2
18866971
8
6
9
9
0
2
1527320547
1
718246082
4
6
7
7
8
8
9
9
8
6
6
1
1353293397
6
0
3
2089254208
0
0
8
4
2
383139057
1
754854973
6
1
53407047
6
4
9
0
3
1644514717
9
1
1096117107
9
2
954323038
7
1
380436821
4
7
1
120259779
7
3
1214527359
6
8
3
31547115
1
935033237
1
413188664
4
7
8
4
8
3
1257124483
7
4
2
1315582648
7
0
5
1
0
6
4
2
1
7
8
2
-1
8
6
9
9
0
2
-1
1
-2
4
6
7
7
8
8
9
9
8
6
6
1
-1
6
0
3
1
0
0
8
4
2
-3
1
-2
6
1
53407047
6
4
9
0
3
1644514717
9
1
1096117107
9
2
954323038
7
1
380436821
4
7
1
120259779
7
3
1214527359
6
8
3
31547115
1
935033237
1
413188664
4
7
8
4
8
3
1257124483
7
4
2
1315582648
7
0
5
1
0
6
4
2
1
7
8
2
-1
8
6
9
9
0
2
-1
1
-2
4
6
7
7
8
8
9
9
8
6
6
1
-1
6
0
3
1
0
0
8
4
2
-3
1
-2
6
1
1
6
4
9
0
3
2
9
1
4
9
2
2
7
1
3
4
7
1
2
7
3
5
6
8
3
0
1
935033237
1
413188664
4
7
8
4
8
3
1257124483
7
4
2
1315582648
7
0
5
1
0
6
4
2
1
7
8
2
-1
8
6
9
9
0
2
-1
1
-2
4
6
7
7
8
8
9
9
8
6
6
1
-1
6
0
3
1
0
0
8
4
2
-3
1
-2
6
1
1
6
4
9
0
3
2
9
1
2
9
2
1
7
1
3
4
7
1
2
7
3
5
6
8
3
0
1
935033237
1
413188664
4
7
8
4
8
3
1257124483
7
4
2
1315582648
7
0
5
1
0
6
4
2
1
7
8
2
-1
8
6
9
9
0
2
-1
1
-2
4
6
7
7
8
8
9
9
8
6
6
1
-1
6
0
3
1
0
0
8
4
2
-3
1
-2
6
1
1
6
4
9
0
3
2
9
1
2
9
2
1
7
1
3
4
7
1
2
7
3
4
6
8
3
0
1
5
1
4
4
7
8
4
8
3
2
7
4
2
1315582648
7
0
5
1
0
6
4
2
1
7
8
2
-1
8
6
9
9
0
2
-1
1
-2
4
6
7
7
8
8
9
9
8
6
6
1
-1
6
0
3
1
0
0
8
4
2
-3
1
-2
6
1
-1
6
4
9
0
3
2
9
1
2
9
2
1
7
1
3
4
7
1
2
7
3
5
6
8
3
0
1
935033237
1
413188664
4
7
8
4
8
3
1257124483
7
4
2
1315582648
7
0
5
1
0
6
4
2
1
7
8
2
0
8
6
9
9
0
2
-1
1
-2
4
6
7
7
8
8
9
9
8
6
6
1
-1
6
0
3
1
0
0
8
4
2
-3
1
-2
6
1
1
6
4
9
0
3
2
9
1
2
9
2
1
7
1
3
4
7
1
2
7
3
5
6
8
3
0
1
935033237
1
413188664
4
7
8
4
8
3
1257124483
7
4
2
1315582648
7
0
5
1
0
6
4
2
1
7
8
2
0
8
6
9
9
0
2
-1
1
0
4
6
7
7
8
8
9
9
8
6
6
1
1
6
0
3
2
0
0
8
4
2
-1
1
0
6
1
2
6
4
9
0
3
3
9
1
3
9
2
0
7
1
3
4
7
1
2
7
3
5
6
8
3
0
1
935033237
1
413188664
4
7
8
4
8
3
1257124483
7
4
2
1315582648
7
0
5
1
0
6
4
2
1
7
8
2
0
8
6
9
9
0
2
-1
1
0
4
6
7
7
8
8
9
9
8
6
6
1
1
6
0
3
2
0
0
8
4
2
-1
1
0
6
1
2
6
4
9
0
3
0
9
1
2
9
2
1
7
1
3
4
7
1
2
7
3
5
6
8
3
0
1
935033237
1
413188664
4
7
8
4
8
3
1257124483
7
4
2
1315582648
7
0
5
1
0
6
4
2
1
7
8
2
0
8
6
9
9
0
2
-1
1
0
4
6
7
7
8
8
9
9
8
6
6
1
1
6
0
3
2
0
0
8
4
2
-1
1
0
6
1
2
6
4
9
0
3
3
9
1
0
9
2
1
7
1
3
4
7
1
2
7
3
5
6
8
3
0
1
935033237
1
413188664
4
7
8
4
8
3
1257124483
7
4
2
1315582648
7
0
5
1
0
6
4
2
1
7
8
2
0
8
6
9
9
0
2
-1
1
0
4
6
7
7
8
8
9
9
8
6
6
1
1
6
0
3
2
0
0
8
4
2
-1
1
0
6
1
2
6
4
9
0
3
3
9
1
3
9
2
2
7
1
4
4
7
1
3
7
3
5
6
8
3
2
1
6
1
5
4
7
8
4
8
3
7
7
4
2
0
7
0
5
1
0
6
4
2
1
7
8
2
0
8
6
9
9
0
2
-1
1
0
4
6
7
7
8
8
9
9
8
6
6
1
1
6
0
3
2
0
0
8
4
2
-1
1
0
6
1
2
6
4
9
0
3
3
9
1
3
9
2
0
7
1
4
4
7
1
3
7
3
5
6
8
3
2
1
6
1
5
4
7
8
4
8
3
7
7
4
2
0
7
0
5
1
0
6
4
2
1
7
8
2
0
8
6
9
9
0
2
-1
1
0
4
6
7
7
8
8
9
9
8
6
6
1
1
6
0
3
2
0
0
8
4
2
-1
1
0
6
1
2
6
4
9
0
3
3
9
1
3
9
2
2
7
1
0
4
7
1
3
7
3
5
6
8
3
2
1
6
1
5
4
7
8
4
8
3
7
7
4
2
0
7
0
5
1
0
6
4
2
1
7
8
2
0
8
6
9
9
0
2
-1
1
0
4
6
7
7
8
8
9
9
8
6
6
1
1
6
0
3
2
0
0
8
4
2
-1
1
0
6
1
0
6
4
9
0
3
3
9
1
3
9
2
2
7
1
0
4
7
1
3
7
3
5
6
8
3
2
1
6
1
5
4
7
8
4
8
3
7
7
4
2
0
7
0
5
1
0
6
4
2
1
7
8
2
0
8
6
9
9
0
2
-1
1
0
4
6
7
7
8
8
9
9
8
6
6
1
1
6
0
3
2
0
0
8
4
2
-1
1
0
6
1
2
6
4
9
0
3
0
9
1
3
9
2
2
7
1
0
4
7
1
3
7
3
5
6
8
3
2
1
6
1
5
4
7
8
4
8
3
7
7
4
2
0
7
0
5
1
0
6
4
2
1
7
8
2
0
8
6
9
9
0
2
-1
1
0
4
6
7
7
8
8
9
9
8
6
6
1
1
6
0
3
2
0
0
8
4
2
-1
1
0
6
1
2
6
4
9
0
3
3
9
1
0
9
2
2
7
1
0
4
7
1
3
7
3
5
6
8
3
2
1
6
1
5
4
7
8
4
8
3
7
7
4
2
0
7
0
5
1
0
6
4
2
1
7
8
2
0
8
6
9
9
0
2
-1
1
0
4
6
7
7
8
8
9
9
8
6
6
1
1
6
0
3
2
0
0
8
4
2
-1
1
0
6
1
2
6
4
9
0
3
3
9
1
3
9
2
2
7
1
0
4
7
1
3
7
3
4
6
8
3
2
1
5
1
4
4
7
8
4
8
3
4
7
4
2
0
7
0
5
1
0
6
4
2
1
7
8
2
0
8
6
9
9
0
2
-1
1
0
4
6
7
7
8
8
9
9
8
6
6
1
1
6
0
3
2
0
0
8
4
2
0
1
0
6
1
2
6
4
9
0
3
3
9
1
3
9
2
2
7
1
0
4
7
1
3
7
3
5
6
8
3
2
1
6
1
5
4
7
8
4
8
3
7
7
4
2
0
7
0
5
1
0
6
4
2
1
7
8
2
0
8
6
9
9
0
2
-1
1
0
4
6
7
7
8
8
9
9
8
6
6
1
1
6
0
3
2
0
0
8
4
2
-1
1
0
6
1
2
6
4
9
0
3
3
9
1
4
9
2
3
7
1
0
4
7
1
3
7
3
5
6
8
3
2
1
6
1
5
4
7
8
4
8
3
7
7
4
2
0
7
0
5
1
0
6
4
2
0
7
8
2
0
8
6
9
9
0
2
-1
1
0
4
6
7
7
8
8
9
9
8
6
6
1
1
6
0
3
2
0
0
8
4
2
-1
1
0
6
1
2
6
4
9
0
3
3
9
1
3
9
2
2
7
1
0
4
7
1
3
7
3
5
6
8
3
2
1
6
1
5
4
7
8
4
8
3
7
7
4
2
0
7
0
5
1
0
6
4
2
-1
7
8
2
0
8
6
9
9
0
2
-1
1
0
4
6
7
7
8
8
9
9
8
6
6
1
1
6
0
3
2
0
0
8
4
2
-1
1
0
6
1
2
6
4
9
0
3
3
9
1
3
9
2
2
7
1
0
4
7
1
3
7
3
5
6
8
3
2
1
6
1
5
4
7
8
4
8
3
7
7
4
2
0
7
0
5
1
0
6
4
2
1
7
8
2
0
8
6
9
9
0
2
-1
1
0
4
6
7
7
8
8
9
9
8
6
6
1
1
6
0
3
2
0
0
8
4
2
-1
1
0
6
1
2
6
4
9
0
3
3
9
1
3
9
2
2
7
1
0
4
7
1
0
7
3
5
6
8
3
2
1
6
1
5
4
7
8
4
8
3
7
7
4
2
0
7
0
5
1
0
6
4
2
1
7
8
2
0
8
6
9
9
0
2
-1
1
0
4
6
7
7
8
8
9
9
8
6
6
1
1
6
0
3
2
0
0
8
4
2
-1
1
0
6
1
2
6
4
9
0
3
3
9
1
3
9
2
3
7
1
0
4
7
1
3
7
3
5
6
8
3
2
1
6
1
5
4
7
8
4
8
3
7
7
4
2
0
7
0
5
1
0
6
4
2
1
7
8
2
0
8
6
9
9
0
2
-1
1
0
4
6
7
7
8
8
9
9
8
6
6
1
1
6
0
3
2
0
0
8
4
2
-1
1
0
6
1
2
6
4
9
0
3
3
9
1
3
9
2
4
7
1
0
4
7
1
3
7
3
5
6
8
3
2
1
6
1
5
4
7
8
4
8
3
7
7
4
2
0
7
0
5
1
0
6
4
2
1
7
8
2
0
8
6
9
9
0
2
-1
1
0
4
6
7
7
8
8
9
9
8
6
6
1
1
6
0
3
0
0
0
8
4
2
-1
1
0
6
1
2
6
4
9
0
3
3
9
1
3
9
2
2
7
1
0
4
7
1
3
7
3
5
6
8
3
2
1
6
1
5
4
7
8
4
8
3
7
7
4
2
0
7
0
5
1
0
6
4
2
1
7
8
2
0
8
6
9
9
0
2
-1
1
0
4
6
7
7
8
8
9
9
8
6
6
1
1
6
0
3
2
0
0
8
4
2
-1
1
0
6
1
2
6
4
9
0
3
3
9
1
3
9
2
0
7
1
0
4
7
1
3
7
3
5
6
8
3
2
1
6
1
5
4
7
8
4
8
3
7
7
4
2
0
7
0
5
1
0
6
4
2
1
7
8
2
0
8
6
9
9
0
2
-1
1
0
4
6
7
7
8
8
9
9
8
6
6
1
1
6
0
3
2
0
0
8
4
2
-1
1
0
6
1
2
6
4
9
0
3
3
9
1
3
9
2
2
7
1
0
4
7
1
3
7
3
4
6
8
3
2
1
5
1
4
4
7
8
4
8
3
6
7
4
2
-1
7
0
5
1
0
6
4
2
1
7
8
2
1
8
6
9
9
0
2
-1
1
0
4
6
7
7
8
8
9
9
8
6
6
1
1
6
0
3
2
0
0
8
4
2
-1
1
0
6
1
2
6
4
9
0
3
3
9
1
3
9
2
2
7
1
0
4
7
1
3
7
3
5
6
8
3
2
1
6
1
5
4
7
8
4
8
3
7
7
4
2
0
7
0
5
1
0
6
4
2
1
7
8
2
0
8
6
9
9
0
2
-1
1
0
4
6
7
7
8
8
9
9
8
6
6
1
1
6
0
3
2
0
0
8
4
2
-1
1
0
6
1
2
6
4
9
0
3
3
9
1
3
9
2
2
7
1
0
4
7
1
3
7
3
4
6
8
3
2
1
5
1
4
4
7
8
4
8
3
6
7
4
2
3
7
0
5
1
0
6
4
2
1
7
8
2
0
8
6
9
9
0
2
-1
1
0
4
6
7
7
8
8
9
9
8
6
6
1
1
6
0
3
2
0
0
8
4
2
-1
1
0
6
1
2
6
4
9
0
3
3
9
1
3
9
2
2
7
1
0
4
7
1
3
7
3
4
6
8
3
2
1
4
1
0
4
7
8
4
8
3
6
7
4
2
3
7
0
5
1
0
6
4
2
1
7
8
2
0
8
6
9
9
0
2
-1
1
0
4
6
7
7
8
8
9
9
8
6
6
1
1
6
0
3
2
0
0
8
4
2
-1
1
0
6
1
2
6
4
9
0
3
3
9
1
3
9
2
2
7
1
0
4
7
1
3
7
3
0
6
8
3
2
1
5
1
4
4
7
8
4
8
3
6
7
4
2
3
7
0
5
1
0
6
4
2
1
7
8
2
0
8
6
9
9
0
2
-1
1
0
4
6
7
7
8
8
9
9
8
6
6
1
1
6
0
3
2
0
0
8
4
2
0
1
0
6
1
2
6
4
9
0
3
3
9
1
3
9
2
2
7
1
0
4
7
1
3
7
3
4
6
8
3
2
1
5
1
4
4
7
8
4
8
3
6
7
4
2
3
7
0
5
1
0
6
4
2
1
7
8
2
0
8
6
9
9
0
2
-1
1
0
4
6
7
7
8
8
9
9
8
6
6
1
1
6
0
3
2
0
0
8
4
2
-1
1
0
6
1
0
6
4
9
0
3
3
9
1
3
9
2
2
7
1
0
4
7
1
3
7
3
4
6
8
3
2
1
5
1
4
4
7
8
4
8
3
6
7
4
2
3
7
0
5
1
0
6
4
2
1
7
8
2
0
8
6
9
9
0
2
-1
1
0
4
6
7
7
8
8
9
9
8
6
6
1
1
6
0
3
2
0
0
8
4
2
-1
1
0
6
1
2
6
4
9
0
3
3
9
1
3
9
2
2
7
1
0
4
7
1
3
7
3
4
6
8
3
2
1
5
1
4
4
7
8
4
8
3
4
7
4
2
3
7
0
5
1
0
6
4
2
1
7
8
2
0
8
6
9
9
0
2
-1
1
0
4
6
7
7
8
8
9
9
8
6
6
1
1
6
0
3
2
0
0
8
4
2
-1
1
0
6
1
2
6
4
9
0
3
3
9
1
3
9
2
0
7
1
0
4
7
1
3
7
3
4
6
8
3
2
1
5
1
4
4
7
8
4
8
3
6
7
4
2
3
7
0
5
1
0
6
4
2
1
7
8
2
-1
8
6
9
9
0
2
-1
1
0
4
6
7
7
8
8
9
9
8
6
6
1
1
6
0
3
2
0
0
8
4
2
-1
1
0
6
1
2
6
4
9
0
3
3
9
1
3
9
2
2
7
1
0
4
7
1
3
7
3
4
6
8
3
2
1
5
1
4
4
7
8
4
8
3
6
7
4
2
3
7
0
5
1
0
6
4
2
1
7
8
2
1
8
6
9
9
0
2
-1
1
0
4
6
7
7
8
8
9
9
8
6
6
1
1
6
0
3
2
0
0
8
4
2
-1
1
0
6
1
2
6
4
9
0
3
3
9
1
3
9
2
2
7
1
0
4
7
1
3
7
3
4
6
8
3
2
1
5
1
4
4
7
8
4
8
3
6
7
4
2
3
7
0
5
1
0
6
4
2
0
7
8
2
0
8
6
9
9
0
2
-1
1
0
4
6
7
7
8
8
9
9
8
6
6
1
1
6
0
3
2
0
0
8
4
2
-1
1
0
6
1
2
6
4
9
0
3
3
9
1
3
9
2
2
7
1
0
4
7
1
3
7
3
4
6
8
3
2
1
5
1
4
4
7
8
4
8
3
6
7
4
2
3
7
0
5
1
0
6
4
2
1
7
8
2
0
8
6
9
9
0
2
-1
1
0
4
6
7
7
8
8
9
9
8
6
6
1
1
6
0
3
2
0
0
8
4
2
-1
1
0
6
1
-1
6
4
9
0
3
3
9
1
3
9
2
2
7
1
0
4
7
1
3
7
3
4
6
8
3
2
1
5
1
4
4
7
8
4
8
3
6
7
4
2
3
7
0
5
1
0
6
4
2
1
7
8
2
0
8
6
9
9
0
2
-1
1
0
4
6
7
7
8
8
9
9
8
6
6
1
1
6
0
3
2
0
0
8
4
2
-1
1
0
6
1
2
6
4
9
0
3
3
9
1
3
9
2
2
7
1
0
4
7
1
3
7
3
4
6
8
3
2
1
5
1
4
4
7
8
4
8
3
0
7
4
2
3
7
0
5
1
0
6
4
2
1
7
8
2
0
8
6
9
9
0
2
-1
1
0
4
6
7
7
8
8
9
9
8
6
6
1
1
6
0
3
2
0
0
8
4
2
-1
1
0
6
1
2
6
4
9
0
3
3
9
1
3
9
2
2
7
1
0
4
7
1
3
7
3
4
6
8
3
2
1
0
1
4
4
7
8
4
8
3
6
7
4
2
3
7
0
5
1
0
6
4
2
1
7
8
2
0
8
6
9
9
0
2
-1
1
0
4
6
7
7
8
8
9
9
8
6
6
1
1
6
0
3
2
0
0
8
4
2
-1
1
0
6
1
2
6
4
9
0
3
3
9
1
3
9
2
-1
7
1
0
4
7
1
3
7
3
4
6
8
3
2
1
5
1
4
4
7
8
4
8
3
6
7
4
2
3
7
0
5
1
0
6
4
2
1
7
8
2
0
8
6
9
9
0
2
-1
1
0
4
6
7
7
8
8
9
9
8
6
6
1
2
6
0
3
3
0
0
8
4
2
-1
1
0
6
1
3
6
4
9
0
3
4
9
1
4
9
2
3
7
1
1
4
7
1
3
7
3
4
6
8
3
2
1
5
1
4
4
7
8
4
8
3
6
7
4
2
3
7
0
5
1
0
6
4
2
1
7
8
2
0
8
6
9
9
0
2
-1
1
0
4
6
7
7
8
8
9
9
8
6
6
1
1
6
0
3
2
0
0
8
4
2
-1
1
0
6
1
2
6
4
9
0
3
3
9
1
3
9
2
2
7
1
0
4
7
1
3
7
3
4
6
8
3
2
1
5
1
4
4
7
8
4
8
3
6
7
4
2
4
7
0
5
1
0
6
4
2
1
7
8
2
0
8
6
9
9
0
2
-1
1
0
4
6
7
7
8
8
9
9
8
6
6
1
1
6
0
3
2
0
0
8
4
2
-1
1
0
6
1
2
6
4
9
0
3
0
9
1
3
9
2
2
7
1
0
4
7
1
3
7
3
4
6
8
3
2
1
5
1
4
4
7
8
4
8
3
6
7
4
2
3
7
0
5
1
0
6
4
2
1
7
8
2
0
8
6
9
9
0
2
-1
1
0
4
6
7
7
8
8
9
9
8
6
6
1
1
6
0
3
2
0
0
8
4
2
-1
1
0
6
1
2
6
4
9
0
3
3
9
1
3
9
2
2
7
1
1
4
7
1
3
7
3
4
6
8
3
2
1
5
1
4
4
7
8
4
8
3
6
7
4
2
3
7
0
5
1
0
6
4
2
1
7
8
2
0
8
6
9
9
0
2
-1
1
0
4
6
7
7
8
8
9
9
8
6
6
1
1
6
0
3
2
0
0
8
4
2
-1
1
0
6
1
2
6
4
9
0
3
3
9
1
3
9
2
2
7
1
2
4
7
1
3
7
3
4
6
8
3
2
1
5
1
4
4
7
8
4
8
3
6
7
4
2
3
7
0
5
1
0
6
4
2
1
7
8
2
0
8
6
9
9
0
2
-1
1
0
4
6
7
7
8
8
9
9
8
6
6
1
1
6
0
3
2
0
0
8
4
2
-1
1
0
6
1
2
6
4
9
0
3
-1
9
1
3
9
2
2
7
1
0
4
7
1
3
7
3
4
6
8
3
2
1
5
1
4
4
7
8
4
8
3
6
7
4
2
3
7
0
5
1
0
6
4
2
1
7
8
2
0
8
6
9
9
0
2
-1
1
0
4
6
7
7
8
8
9
9
8
6
6
1
1
6
0
3
2
0
0
8
4
2
-1
1
0
6
1
2
6
4
9
0
3
3
9
1
3
9
2
2
7
1
0
4
7
1
0
7
3
4
6
8
3
2
1
5
1
4
4
7
8
4
8
3
6
7
4
2
3
7
0
5
1
0
6
4
2
1
7
8
2
0
8
6
9
9
0
2
-1
1
0
4
6
7
7
8
8
9
9
8
6
6
1
1
6
0
3
2
0
0
8
4
2
-1
1
0
6
1
2
6
4
9
0
3
3
9
1
3
9
2
2
7
1
-1
4
7
1
3
7
3
4
6
8
3
2
1
5
1
4
4
7
8
4
8
3
6
7
4
2
3
7
0
5
1
0
6
4
2
1
7
8
2
0
8
6
9
9
0
2
-1
1
0
4
6
7
7
8
8
9
9
8
6
6
1
1
6
0
3
2
0
0
8
4
2
-1
1
0
6
1
2
6
4
9
0
3
3
9
1
4
9
2
3
7
1
0
4
7
1
3
7
3
4
6
8
3
2
1
5
1
4
4
7
8
4
8
3
6
7
4
2
3
7
0
5
1
0
6
4
2
1
7
8
2
0
8
6
9
9
0
2
-1
1
0
4
6
7
7
8
8
9
9
8
6
6
1
1
6
0
3
2
0
0
8
4
2
-1
1
0
6
1
2
6
4
9
0
3
3
9
1
3
9
2
2
7
1
0
4
7
1
3
7
3
4
6
8
3
3
1
5
1
4
4
7
8
4
8
3
6
7
4
2
3
7
0
5
1
0
6
4
2
1
7
8
2
0
8
6
9
9
0
2
-1
1
0
4
6
7
7
8
8
9
9
8
6
6
1
1
6
0
3
2
0
0
8
4
2
-1
1
0
6
1
2
6
4
9
0
3
3
9
1
3
9
2
2
7
1
0
4
7
1
3
7
3
4
6
8
3
4
1
5
1
4
4
7
8
4
8
3
6
7
4
2
3
7
0
5
1
0
6
4
2
1
7
8
2
0
8
6
9
9
0
2
-1
1
0
4
6
7
7
8
8
9
9
8
6
6
1
1
6
0
3
2
0
0
8
4
2
-1
1
0
6
1
2
6
4
9
0
3
3
9
1
3
9
2
2
7
1
0
4
7
1
4
7
3
4
6
8
3
2
1
5
1
4
4
7
8
4
8
3
6
7
4
2
3
7
0
5
1
0
6
4
2
1
7
8
2
0
8
6
9
9
0
2
-1
1
0
4
6
7
7
8
8
9
9
8
6
6
1
1
6
0
3
2
0
0
8
4
2
-1
1
0
6
1
2
6
4
9
0
3
3
9
1
3
9
2
2
7
1
0
4
7
1
3
7
3
4
6
8
3
2
1
5
1
4
4
7
8
4
8
3
6
7
4
2
0
7
0
5
1
0
6
4
2
1
7
8
2
0
8
6
9
9
0
2
-1
1
0
4
6
7
7
8
8
9
9
8
6
6
1
1
6
0
3
0
0
0
8
4
2
-1
1
0
6
1
2
6
4
9
0
3
3
9
1
3
9
2
2
7
1
0
4
7
1
3
7
3
4
6
8
3
2
1
5
1
4
4
7
8
4
8
3
6
7
4
2
3
7
0
5
1
0
6
4
2
1
7
8
2
0
8
6
9
9
0
2
-1
1
0
4
6
7
7
8
8
9
9
8
6
6
1
1
6
0
3
2
0
0
8
4
2
-1
1
0
6
1
2
6
4
9
0
3
3
9
1
3
9
2
3
7
1
0
4
7
1
3
7
3
4
6
8
3
2
1
5
1
4
4
7
8
4
8
3
6
7
4
2
3
7
0
5
1
0
6
4
2
1
7
8
2
0
8
6
9
9
0
2
-1
1
0
4
6
7
7
8
8
9
9
8
6
6
1
1
6
0
3
2
0
0
8
4
2
-1
1
0
6
1
2
6
4
9
0
3
3
9
1
3
9
2
4
7
1
0
4
7
1
3
7
3
4
6
8
3
2
1
5
1
4
4
7
8
4
8
3
6
7
4
2
3
7
0
5
1
0
6
4
2
1
7
8
2
0
8
6
9
9
0
2
-1
1
0
4
6
7
7
8
8
9
9
8
6
6
1
1
6
0
3
2
0
0
8
4
2
-1
1
0
6
1
2
6
4
9
0
3
3
9
1
3
9
2
2
7
1
3
4
7
1
3
7
3
4
6
8
3
2
1
5
1
4
4
7
8
4
8
3
6
7
4
2
3
7
0
5
1
0
6
4
2
1
7
8
2
0
8
6
9
9
0
2
-1
1
0
4
6
7
7
8
8
9
9
8
6
6
1
1
6
0
3
2
0
0
8
4
2
-1
1
0
6
1
2
6
4
9
0
3
3
9
1
3
9
2
2
7
1
4
4
7
1
3
7
3
4
6
8
3
2
1
5
1
4
4
7
8
4
8
3
6
7
4
2
3
7
0
5
1
0
6
4
2
1
7
8
2
0
8
6
9
9
0
2
-1
1
0
4
6
7
7
8
8
9
9
8
6
6
1
1
6
0
3
-1
0
0
8
4
2
-1
1
0
6
1
2
6
4
9
0
3
3
9
1
3
9
2
2
7
1
0
4
7
1
3
7
3
4
6
8
3
2
1
5
1
4
4
7
8
4
8
3
6
7
4
2
3
7
0
5
1
0
6
4
2
1
7
8
2
0
8
6
9
9
0
2
-1
1
0
4
6
7
7
8
8
9
9
8
6
6
1
2
6
0
3
3
0
0
8
4
2
-1
1
1
6
1
2
6
4
9
0
3
3
9
1
3
9
2
2
7
1
0
4
7
1
3
7
3
4
6
8
3
2
1
5
1
4
4
7
8
4
8
3
6
7
4
2
3
7
0
5
6
0
4
7
7
8
1
1829111753
1
142647944
0
9
5
6
0
4
7
7
8
1
0
1
0
0
9
5
6
0
4
7
7
8
1
0
1
1
0
9
5
6
0
4
7
7
8
1
0
1
-1
0
9
5
6
0
4
7
7
8
1
0
1
0
0
9
5
7
6
2
1636806240
4
5
2
1290463504
5
8
2
1579146204
2
1925882433
0
3
247736627
7
5
0
6
3
465374372
3
1938038625
1
1469721480
2
1903536683
5
0
6
3
465374372
3
1938038625
1
0
2
-1
5
0
6
3
465374372
3
1938038625
1
0
2
0
5
0
6
3
465374372
3
1938038625
1
0
2
-1
5
0
6
3
465374372
3
1938038625
1
0
2
1
5
3
1405184126
3
264771116
0
1
867363429
1
711750611
6
7
9
8
1
193608529
4
3
962423717
2
1135063252
6
5
3
1405184126
3
264771116
0
1
0
1
0
6
7
9
8
1
193608529
4
3
962423717
2
1135063252
6
5
3
1405184126
3
264771116
0
1
-1
1
-1
6
7
9
8
1
0
4
3
-1
2
1135063252
6
5
3
1405184126
3
264771116
0
1
-1
1
-1
6
7
9
8
1
0
4
3
-1
2
-2
6
5
3
1405184126
3
264771116
0
1
0
1
0
6
7
9
8
1
1
4
3
-1
2
-2
6
5
3
1405184126
3
264771116
0
1
0
1
1
6
7
9
8
1
1
4
3
-1
2
-2
6
5
3
1405184126
3
264771116
0
1
0
1
-1
6
7
9
8
1
1
4
3
-1
2
-2
6
5
3
1405184126
3
264771116
0
1
0
1
0
6
7
9
8
1
1
4
3
-1
2
0
6
5
3
1405184126
3
264771116
0
1
0
1
0
6
7
9
8
1
-1
4
3
-1
2
0
6
5
3
1405184126
3
264771116
0
1
0
1
1
6
7
9
8
1
1
4
3
-1
2
0
6
5
3
1405184126
3
264771116
0
1
0
1
0
6
7
9
8
1
1
4
3
0
2
0
6
5
3
1405184126
3
264771116
0
1
0
1
-1
6
7
9
8
1
1
4
3
-1
2
0
6
5
3
1405184126
3
264771116
0
1
0
1
0
6
7
9
8
1
2
4
3
-1
2
1
6
5
3
1405184126
3
264771116
0
1
0
1
0
6
7
9
8
1
1
4
3
-1
2
-1
6
5
3
1405184126
3
264771116
0
1
0
1
0
6
7
9
8
1
1
4
3
-1
2
1
6
5
3
1405184126
3
264771116
0
1
0
1
0
6
7
9
8
1
1
4
3
-1
2
2
6
5
3
1405184126
3
264771116
0
1
0
1
0
6
7
9
8
1
0
4
3
-1
2
0
6
5
3
1405184126
3
264771116
0
1
0
1
-1
6
7
9
8
1
0
4
3
-1
2
0
6
5
3
1405184126
3
264771116
0
1
0
1
1
6
7
9
8
1
0
4
3
-1
2
0
6
5
3
1405184126
3
264771116
0
1
0
1
2
6
7
9
8
1
1
4
3
-1
2
0
6
5
3
1405184126
3
264771116
0
1
0
1
1
6
7
9
8
1
-1
4
3
-1
2
0
6
5
3
1405184126
3
264771116
0
1
0
1
1
6
7
9
8
1
1
4
3
-1
2
0
6
5
3
1405184126
3
264771116
0
1
0
1
1
6
7
9
8
1
2
4
3
-1
2
0
6
5
3
1405184126
3
264771116
0
1
0
1
1
6
7
9
8
1
0
4
3
0
2
0
6
5
3
1405184126
3
264771116
0
1
0
1
2
6
7
9
8
1
0
4
3
-1
2
1
6
5
3
1405184126
3
264771116
0
1
0
1
1
6
7
9
8
1
0
4
3
-1
2
-1
6
5
3
1405184126
3
264771116
0
1
0
1
-1
6
7
9
8
1
0
4
3
-1
2
0
6
5
3
1405184126
3
264771116
0
1
0
1
1
6
7
9
8
1
0
4
3
-1
2
1
6
5
3
1405184126
3
264771116
0
1
0
1
1
6
7
9
8
1
0
4
3
-1
2
2
6
5
3
1405184126
3
264771116
0
1
0
1
0
6
7
9
8
1
0
4
3
-1
2
0
6
5
2
1031822145
3
1699651697
9
2
2125557223
0
3
1405419925
4
5
8
2
1171347391
7
4
1
982880997
0
6
0
4
7
4
7
9
4
6
9
8
9
7
0
7
5
5
1
2059681748
0
8
6
1
1497789145
8
3
1807130439
3
756290318
1
727586138
9
0
9
7
3
873151811
0
2
1410113438
4
2
135906526
9
6
8
1
1185987842
1
2035440901
4
0
9
5
1
0
0
8
6
1
-2
8
3
-1
3
-3
1
-4
9
0
9
7
3
-3
0
2
-4
4
2
135906526
9
6
8
1
1185987842
1
2035440901
4
0
9
5
1
0
0
8
6
1
-2
8
3
-1
3
-3
1
-3
9
0
9
7
3
-3
0
2
-4
4
2
135906526
9
6
8
1
1185987842
1
2035440901
4
0
9
5
1
0
0
8
6
1
-2
8
3
-1
3
-3
1
-3
9
0
9
7
3
-3
0
2
-4
4
2
1
9
6
8
1
1
1
1
4
0
9
5
1
0
0
8
6
1
-2
8
3
-1
3
-3
1
-3
9
0
9
7
3
-3
0
2
-4
4
2
1
9
6
8
1
1
1
-4
4
0
9
5
1
0
0
8
6
1
-2
8
3
-1
3
-3
1
-3
9
0
9
7
3
-3
0
2
-4
4
2
1
9
6
8
1
-1
1
-4
4
0
9
5
1
0
0
8
6
1
-2
8
3
-1
3
-3
1
-3
9
0
9
7
3
-3
0
2
-4
4
2
-1
9
6
8
1
1
1
-4
4
0
9
5
1
0
0
8
6
1
-2
8
3
-1
3
-3
1
-3
9
0
9
7
3
-3
0
2
-4
4
2
1
9
6
8
1
-4
1
-4
4
0
9
5
1
0
0
8
6
1
0
8
3
-1
3
-3
1
-3
9
0
9
7
3
-3
0
2
-4
4
2
1
9
6
8
1
1
1
-4
4
0
9
5
1
0
0
8
6
1
-2
8
3
-1
3
-3
1
-3
9
0
9
7
3
-3
0
2
-4
4
2
0
9
6
8
1
1
1
-4
4
0
9
5
1
0
0
8
6
1
-2
8
3
-1
3
0
1
-3
9
0
9
7
3
-3
0
2
-4
4
2
1
9
6
8
1
1
1
-4
4
0
9
5
1
0
0
8
6
1
-2
8
3
-1
3
-1
1
-3
9
0
9
7
3
-3
0
2
-4
4
2
1
9
6
8
1
1
1
-4
4
0
9
5
1
0
0
8
6
1
-2
8
3
-1
3
-3
1
-3
9
0
9
7
3
-3
0
2
-4
4
2
-4
9
6
8
1
1
1
-4
4
0
9
5
1
0
0
8
6
1
-2
8
3
-1
3
-3
1
-3
9
0
9
7
3
-3
0
2
0
4
2
1
9
6
8
1
1
1
-4
4
0
9
5
1
0
0
8
6
1
-2
8
3
-1
3
-3
1
-3
9
0
9
7
3
-3
0
2
-1
4
2
1
9
6
8
1
1
1
-4
4
0
9
5
1
0
0
8
6
1
-2
8
3
-1
3
-3
1
-3
9
0
9
7
3
-3
0
2
-4
4
2
1
9
6
8
1
1
1
0
4
0
9
5
1
0
0
8
6
1
-2
8
3
-1
3
-3
1
-3
9
0
9
7
3
-3
0
2
-4
4
2
1
9
6
8
1
1
1
1
4
0
9
5
1
0
0
8
6
1
-2
8
3
-1
3
-3
1
-3
9
0
9
7
3
-3
0
2
-4
4
2
1
9
6
8
1
1
1
2
4
0
9
5
1
0
0
8
6
1
-1
8
3
-2
3
-3
1
-3
9
0
9
7
3
-3
0
2
-4
4
2
1
9
6
8
1
1
1
-4
4
0
9
5
1
0
0
8
6
1
-2
8
3
-1
3
-3
1
-4
9
0
9
7
3
-3
0
2
-4
4
2
1
9
6
8
1
1
1
-4
4
0
9
5
1
0
0
8
6
1
-2
8
3
-1
3
-3
1
0
9
0
9
7
3
-3
0
2
-4
4
2
1
9
6
8
1
1
1
-4
4
0
9
5
1
0
0
8
6
1
-2
8
3
-1
3
-3
1
1
9
0
9
7
3
-3
0
2
-4
4
2
1
9
6
8
1
1
1
-4
4
0
9
5
1
0
0
8
6
1
-2
8
3
-1
3
-3
1
-1
9
0
9
7
3
-3
0
2
-4
4
2
1
9
6
8
1
1
1
-4
4
0
9
5
1
0
0
8
6
1
-2
8
3
-1
3
-3
1
-3
9
0
9
7
3
-4
0
2
-4
4
2
1
9
6
8
1
1
1
-4
4
0
9
5
1
0
0
8
6
1
-1
8
3
0
3
-3
1
-3
9
0
9
7
3
-3
0
2
-4
4
2
1
9
6
8
1
1
1
-4
4
0
9
5
1
0
0
8
6
1
-1
8
3
1
3
-3
1
-3
9
0
9
7
3
-3
0
2
-4
4
2
1
9
6
8
1
1
1
-4
4
0
9
5
1
0
0
8
6
1
-2
8
3
-1
3
-3
1
-3
9
0
9
7
3
0
0
2
-4
4
2
1
9
6
8
1
1
1
-4
4
0
9
5
1
0
0
8
6
1
-2
8
3
-1
3
-3
1
-3
9
0
9
7
3
1
0
2
-4
4
2
1
9
6
8
1
1
1
-4
4
0
9
5
1
0
0
8
6
1
-2
8
3
-1
3
-3
1
-3
9
0
9
7
3
-1
0
2
-4
4
2
1
9
6
8
1
1
1
-4
4
0
9
5
1
0
0
8
6
1
-2
8
3
-1
3
-3
1
-3
9
0
9
7
3
-3
0
2
-4
4
2
1
9
6
8
1
0
1
-4
4
0
9
5
1
0
0
8
6
1
-1
8
3
-1
3
-3
1
-3
9
0
9
7
3
-3
0
2
-4
4
2
1
9
6
8
1
1
1
-4
4
0
9
5
7
4
7
7
7
8
4
6
2
1845634425
0
4
2
416983708
8
2
979201339
8
6
2
1691157497
6
2
1519196647
6
3
118582029
0
4
5
8
6
6
3
1125166835
6
0
8
6
3
703321314
8
1
889679190
9
7
7
3
1531529866
2
1986986056
0
8
5
8
6
6
3
1125166835
6
0
8
6
3
703321314
8
1
0
9
7
7
3
-1
2
1986986056
0
8
5
8
6
6
3
1125166835
6
0
8
6
3
703321314
8
1
0
9
7
7
3
-1
2
-1
0
8
5
8
6
6
3
1125166835
6
0
8
6
3
703321314
8
1
0
9
7
7
3
0
2
-1
0
8
5
8
6
6
3
1125166835
6
0
8
6
3
703321314
8
1
0
9
7
7
3
0
2
0
0
8
5
8
6
6
3
1125166835
6
0
8
6
3
703321314
8
1
0
9
7
7
3
0
2
1
0
8
5
8
6
6
3
1125166835
6
0
8
6
3
703321314
8
1
0
9
7
7
3
0
2
-1
0
8
5
8
6
6
3
1125166835
6
0
8
6
3
703321314
8
1
0
9
7
7
3
-1
2
0
0
8
5
8
6
6
3
1125166835
6
0
8
6
3
703321314
8
1
0
9
7
7
3
1
2
0
0
8
5
3
766216505
9
2
1837470243
7
2
1104737111
3
469996668
0
3
346924175
9
8
4
4
9
1
1619038173
1
252453588
3
1692185951
7
0
0
9
8
3
968353141
3
1814867739
2
407321387
4
0
9
7
5
3
766216505
9
2
1837470243
7
2
1104737111
3
469996668
0
3
346924175
9
8
4
4
9
1
0
1
-2
3
1
7
0
0
9
8
3
-1
3
1
2
-2
4
0
9
7
5
3
766216505
9
2
1837470243
7
2
1104737111
3
469996668
0
3
346924175
9
8
4
4
9
1
0
1
-1
3
0
7
0
0
9
8
3
-1
3
1
2
-2
4
0
9
7
5
3
766216505
9
2
1837470243
7
2
1104737111
3
469996668
0
3
346924175
9
8
4
4
9
1
0
1
-1
3
0
7
0
0
9
8
3
-2
3
1
2
-2
4
0
9
7
5
3
766216505
9
2
1837470243
7
2
1104737111
3
469996668
0
3
346924175
9
8
4
4
9
1
0
1
0
3
0
7
0
0
9
8
3
-2
3
1
2
-2
4
0
9
7
5
3
766216505
9
2
1837470243
7
2
1104737111
3
469996668
0
3
346924175
9
8
4
4
9
1
0
1
1
3
0
7
0
0
9
8
3
-2
3
1
2
-2
4
0
9
7
5
3
766216505
9
2
1837470243
7
2
1104737111
3
469996668
0
3
346924175
9
8
4
4
9
1
0
1
-1
3
0
7
0
0
9
8
3
-2
3
1
2
-2
4
0
9
7
5
3
766216505
9
2
1837470243
7
2
1104737111
3
469996668
0
3
346924175
9
8
4
4
9
1
0
1
1
3
0
7
0
0
9
8
3
-1
3
0
2
-2
4
0
9
7
5
3
766216505
9
2
1837470243
7
2
1104737111
3
469996668
0
3
346924175
9
8
4
4
9
1
0
1
1
3
0
7
0
0
9
8
3
0
3
1
2
-2
4
0
9
7
5
3
766216505
9
2
1837470243
7
2
1104737111
3
469996668
0
3
346924175
9
8
4
4
9
1
0
1
1
3
0
7
0
0
9
8
3
-1
3
1
2
0
4
0
9
7
5
3
766216505
9
2
1837470243
7
2
1104737111
3
469996668
0
3
346924175
9
8
4
4
9
1
0
1
1
3
-1
7
0
0
9
8
3
-2
3
1
2
-2
4
0
9
7
5
3
766216505
9
2
1837470243
7
2
1104737111
3
469996668
0
3
346924175
9
8
4
4
9
1
0
1
2
3
1
7
0
0
9
8
3
-2
3
1
2
-2
4
0
9
7
5
3
766216505
9
2
1837470243
7
2
1104737111
3
469996668
0
3
346924175
9
8
4
4
9
1
0
1
1
3
1
7
0
0
9
8
3
-2
3
1
2
-2
4
0
9
7
5
3
766216505
9
2
1837470243
7
2
1104737111
3
469996668
0
3
346924175
9
8
4
4
9
1
0
1
1
3
2
7
0
0
9
8
3
-2
3
1
2
-2
4
0
9
7
5
3
766216505
9
2
1837470243
7
2
1104737111
3
469996668
0
3
346924175
9
8
4
4
9
1
0
1
1
3
0
7
0
0
9
8
3
-1
3
-1
2
-2
4
0
9
7
5
3
766216505
9
2
1837470243
7
2
1104737111
3
469996668
0
3
346924175
9
8
4
4
9
1
0
1
1
3
0
7
0
0
9
8
3
-1
3
2
2
-2
4
0
9
7
5
3
766216505
9
2
1837470243
7
2
1104737111
3
469996668
0
3
346924175
9
8
4
4
9
1
0
1
0
3
0
7
0
0
9
8
3
-2
3
1
2
-2
4
0
9
7
5
4
6
0
6
9
5
4
9
4
5
7
9
0
9
0
0
5
5
7
4
8
8
8
8
5
5
5
4
5
0
1
1624533979
1
1516572794
1
188131341
4
1
1146373225
3
1797460120
4
0
4
9
5
0
1
0
1
-1
1
-2
4
1
-2
3
1797460120
4
0
4
9
5
0
1
0
1
-1
1
-2
4
1
-2
3
-3
4
0
4
9
5
0
1
0
1
-1
1
-2
4
1
-2
3
0
4
0
4
9
5
0
1
0
1
-1
1
-2
4
1
-2
3
-1
4
0
4
9
5
0
1
0
1
-1
1
-2
4
1
-2
3
-2
4
0
4
9
5
0
1
0
1
-1
1
-2
4
1
-3
3
-1
4
0
4
9
5
0
1
0
1
-1
1
-3
4
1
-2
3
-1
4
0
4
9
5
0
1
0
1
-1
1
-2
4
1
-1
3
-1
4
0
4
9
5
0
1
0
1
-2
1
-3
4
1
-1
3
-1
4
0
4
9
5
0
1
0
1
0
1
-2
4
1
-2
3
-1
4
0
4
9
5
0
1
0
1
-1
1
0
4
1
-2
3
-1
4
0
4
9
5
0
1
0
1
-1
1
1
4
1
-2
3
-1
4
0
4
9
5
0
1
0
1
-1
1
-1
4
1
-2
3
-1
4
0
4
9
5
0
1
0
1
-1
1
-2
4
1
0
3
-1
4
0
4
9
5
0
1
0
1
-1
1
-2
4
1
1
3
-1
4
0
4
9
5
0
1
0
1
-2
1
-3
4
1
-3
3
-1
4
0
4
9
5
0
1
0
1
-1
1
-2
4
1
-2
3
-3
4
0
4
9
5
0
1
0
1
-1
1
-2
4
1
-2
3
0
4
0
4
9
5
0
1
0
1
-1
1
-2
4
1
-2
3
1
4
0
4
9
5
1
1134574133
6
9
4
4
1
2076672549
4
2
629844860
8
0
8
7
7
3
254411491
8
2
2008158032
1
417753865
2
1631238335
9
6
5
1
0
6
9
4
4
1
0
4
2
629844860
8
0
8
7
7
3
254411491
8
2
2008158032
1
417753865
2
1631238335
9
6
5
1
0
6
9
4
4
1
0
4
2
1
8
0
8
7
7
3
1
8
2
1
1
1
2
1
9
6
5
1
0
6
9
4
4
1
0
4
2
1
8
0
8
7
7
3
0
8
2
1
1
1
2
1
9
6
5
1
0
6
9
4
4
1
-1
4
2
1
8
0
8
7
7
3
0
8
2
1
1
1
2
1
9
6
5
1
0
6
9
4
4
1
1
4
2
1
8
0
8
7
7
3
0
8
2
1
1
1
2
1
9
6
5
1
0
6
9
4
4
1
0
4
2
1
8
0
8
7
7
3
0
8
2
-1
1
1
2
1
9
6
5
1
0
6
9
4
4
1
0
4
2
1
8
0
8
7
7
3
0
8
2
1
1
1
2
0
9
6
5
1
0
6
9
4
4
1
0
4
2
1
8
0
8
7
7
3
0
8
2
1
1
-1
2
0
9
6
5
1
0
6
9
4
4
1
1
4
2
1
8
0
8
7
7
3
0
8
2
1
1
1
2
0
9
6
5
1
0
6
9
4
4
1
0
4
2
1
8
0
8
7
7
3
0
8
2
0
1
1
2
0
9
6
5
1
0
6
9
4
4
1
1
4
2
1
8
0
8
7
7
3
0
8
2
0
1
1
2
0
9
6
5
1
0
6
9
4
4
1
-1
4
2
1
8
0
8
7
7
3
0
8
2
0
1
1
2
0
9
6
5
1
0
6
9
4
4
1
0
4
2
0
8
0
8
7
7
3
0
8
2
0
1
1
2
0
9
6
5
1
0
6
9
4
4
1
0
4
2
1
8
0
8
7
7
3
0
8
2
1
1
1
2
0
9
6
5
1
0
6
9
4
4
1
0
4
2
1
8
0
8
7
7
3
0
8
2
-1
1
1
2
0
9
6
5
1
0
6
9
4
4
1
0
4
2
1
8
0
8
7
7
3
0
8
2
0
1
0
2
0
9
6
5
1
0
6
9
4
4
1
0
4
2
1
8
0
8
7
7
3
-1
8
2
0
1
1
2
0
9
6
5
1
0
6
9
4
4
1
0
4
2
-1
8
0
8
7
7
3
0
8
2
0
1
1
2
0
9
6
5
1
0
6
9
4
4
1
0
4
2
1
8
0
8
7
7
3
1
8
2
0
1
1
2
0
9
6
5
4
9
5
0
8
8
4
0
2
1145465053
1
1463004685
2
1499123751
2
152015859
5
0
8
8
4
0
2
1145465053
1
0
2
0
2
152015859
5
0
8
8
4
0
2
1145465053
1
0
2
-1
2
152015859
5
0
8
8
4
0
2
1145465053
1
0
2
1
2
152015859
5
8
0
4
9
7
8
2
1841285900
9
3
855895769
8
2
1500957224
1
1782217266
2
1541140461
9
2
470278674
6
0
1
944272375
0
4
9
3
128973664
6
2
1864138804
2
370739593
3
2110424650
6
4
1
93687931
5
8
0
4
9
7
8
2
1841285900
9
3
855895769
8
2
1500957224
1
0
2
-1
9
2
-1
6
0
1
-1
0
4
9
3
-2
6
2
1
2
-2
3
0
6
4
1
93687931
5
8
0
4
9
7
8
2
1841285900
9
3
855895769
8
2
1500957224
1
0
2
-1
9
2
-1
6
0
1
-1
0
4
9
3
-2
6
2
-1
2
-2
3
0
6
4
1
93687931
5
8
0
4
9
7
8
2
1841285900
9
3
855895769
8
2
1500957224
1
0
2
-1
9
2
-1
6
0
1
-1
0
4
9
3
-2
6
2
-1
2
-1
3
0
6
4
1
0
5
8
0
4
9
7
8
2
1841285900
9
3
855895769
8
2
1500957224
1
0
2
-1
9
2
-1
6
0
1
0
0
4
9
3
-2
6
2
-1
2
-1
3
0
6
4
1
0
5
8
0
4
9
7
8
2
1841285900
9
3
855895769
8
2
1500957224
1
0
2
-1
9
2
-1
6
0
1
-1
0
4
9
3
-2
6
2
-1
2
-1
3
0
6
4
1
-1
5
8
0
4
9
7
8
2
1841285900
9
3
855895769
8
2
1500957224
1
0
2
-1
9
2
-1
6
0
1
-1
0
4
9
3
0
6
2
-1
2
-1
3
0
6
4
1
0
5
8
0
4
9
7
8
2
1841285900
9
3
855895769
8
2
1500957224
1
0
2
-1
9
2
-1
6
0
1
-1
0
4
9
3
-1
6
2
-1
2
-1
3
0
6
4
1
0
5
8
0
4
9
7
8
2
1841285900
9
3
855895769
8
2
1500957224
1
0
2
-1
9
2
-1
6
0
1
-1
0
4
9
3
-1
6
2
-1
2
-1
3
0
6
4
1
1
5
8
0
4
9
7
8
2
1841285900
9
3
855895769
8
2
1500957224
1
0
2
-1
9
2
-1
6
0
1
0
0
4
9
3
-1
6
2
-1
2
-1
3
0
6
4
1
0
5
8
0
4
9
7
8
2
1841285900
9
3
855895769
8
2
1500957224
1
0
2
-1
9
2
-1
6
0
1
-1
0
4
9
3
-1
6
2
-1
2
-1
3
0
6
4
1
-1
5
8
0
4
9
7
8
2
1841285900
9
3
855895769
8
2
1500957224
1
0
2
-1
9
2
-1
6
0
1
-2
0
4
9
3
-2
6
2
-1
2
-1
3
0
6
4
1
0
5
8
0
4
9
7
8
2
1841285900
9
3
855895769
8
2
1500957224
1
0
2
-1
9
2
-1
6
0
1
-1
0
4
9
3
-1
6
2
-2
2
-1
3
0
6
4
1
0
5
8
0
4
9
7
8
2
1841285900
9
3
855895769
8
2
1500957224
1
0
2
-1
9
2
0
6
0
1
-1
0
4
9
3
-1
6
2
-1
2
-1
3
0
6
4
1
0
5
8
0
4
9
7
8
2
1841285900
9
3
855895769
8
2
1500957224
1
0
2
-1
9
2
1
6
0
1
-1
0
4
9
3
-1
6
2
-1
2
-1
3
0
6
4
1
0
5
8
0
4
9
7
8
2
1841285900
9
3
855895769
8
2
1500957224
1
0
2
0
9
2
0
6
0
1
-1
0
4
9
3
-1
6
2
-1
2
-1
3
0
6
4
1
0
5
8
0
4
9
7
8
2
1841285900
9
3
855895769
8
2
1500957224
1
0
2
-1
9
2
-1
6
0
1
-1
0
4
9
3
-1
6
2
-1
2
-1
3
0
6
4
1
0
5
8
0
4
9
7
8
2
1841285900
9
3
855895769
8
2
1500957224
1
0
2
-1
9
2
0
6
0
1
0
0
4
9
3
0
6
2
-1
2
-1
3
0
6
4
1
0
5
8
0
4
9
7
8
2
1841285900
9
3
855895769
8
2
1500957224
1
0
2
-1
9
2
0
6
0
1
0
0
4
9
3
0
6
2
1
2
-1
3
0
6
4
1
0
5
8
0
4
9
7
8
2
1841285900
9
3
855895769
8
2
1500957224
1
0
2
-1
9
2
0
6
0
1
0
0
4
9
3
-1
6
2
-1
2
-1
3
0
6
4
1
0
5
8
0
4
9
7
8
2
1841285900
9
3
855895769
8
2
1500957224
1
0
2
-1
9
2
0
6
0
1
0
0
4
9
3
1
6
2
-1
2
-1
3
0
6
4
1
0
5
3
70092363
7
2
1945510028
9
6
9
8
6
8
3
787946707
8
0
5
9
4
8
6
6
9
8
8
5
9
7
4
7
2
2009369638
7
4
7
5
0
9
1
414356977
8
2
1418026467
9
6
1
144582727
3
661349631
8
2
1363528752
5
0
9
1
0
8
2
1
9
6
1
-1
3
-2
8
2
1363528752
5
0
9
1
0
8
2
1
9
6
1
-1
3
-2
8
2
-2
5
0
9
1
0
8
2
1
9
6
1
0
3
-2
8
2
-2
5
0
9
1
0
8
2
1
9
6
1
1
3
-2
8
2
-2
5
0
9
1
0
8
2
0
9
6
1
1
3
-2
8
2
-2
5
0
9
1
0
8
2
0
9
6
1
0
3
-1
8
2
0
5
0
9
1
0
8
2
0
9
6
1
0
3
0
8
2
-2
5
0
9
1
0
8
2
0
9
6
1
0
3
0
8
2
0
5
0
9
1
0
8
2
1
9
6
1
0
3
0
8
2
-2
5
0
9
1
0
8
2
-1
9
6
1
0
3
0
8
2
-2
5
0
9
1
0
8
2
0
9
6
1
0
3
1
8
2
-2
5
0
9
1
0
8
2
0
9
6
1
0
3
-1
8
2
-2
5
1
419199288
9
3
2031075570
3
813998486
8
6
2
1045172837
0
7
3
70397988
1
657408072
2
1390461952
1
2131465932
0
2
2132290220
5
1
0
9
3
1
3
1
8
6
2
-1
0
7
3
70397988
1
657408072
2
1390461952
1
2131465932
0
2
2132290220
5
1
0
9
3
1
3
1
8
6
2
-1
0
7
3
1
1
1
2
2
1
-1
0
2
2132290220
5
1
0
9
3
1
3
1
8
6
2
-1
0
7
3
1
1
1
2
2
1
-1
0
2
0
5
1
0
9
3
1
3
1
8
6
2
-1
0
7
3
1
1
0
2
2
1
-1
0
2
0
5
1
0
9
3
1
3
0
8
6
2
-1
0
7
3
1
1
0
2
2
1
-1
0
2
0
5
1
0
9
3
1
3
0
8
6
2
-1
0
7
3
1
1
0
2
1
1
-1
0
2
-1
5
1
0
9
3
1
3
0
8
6
2
-1
0
7
3
1
1
0
2
1
1
0
0
2
0
5
1
0
9
3
1
3
0
8
6
2
-1
0
7
3
1
1
-1
2
1
1
0
0
2
0
5
1
0
9
3
1
3
0
8
6
2
-1
0
7
3
1
1
1
2
1
1
0
0
2
0
5
1
0
9
3
1
3
0
8
6
2
0
0
7
3
1
1
0
2
1
1
0
0
2
0
5
1
0
9
3
1
3
0
8
6
2
-1
0
7
3
1
1
0
2
1
1
-1
0
2
0
5
1
0
9
3
1
3
0
8
6
2
-1
0
7
3
1
1
0
2
1
1
0
0
2
-1
5
1
0
9
3
1
3
0
8
6
2
-1
0
7
3
1
1
0
2
1
1
0
0
2
1
5
1
0
9
3
1
3
0
8
6
2
-1
0
7
3
1
1
0
2
0
1
0
0
2
0
5
1
0
9
3
1
3
0
8
6
2
-1
0
7
3
1
1
0
2
1
1
1
0
2
0
5
1
0
9
3
1
3
1
8
6
2
-1
0
7
3
1
1
0
2
1
1
0
0
2
0
5
1
0
9
3
1
3
0
8
6
2
-1
0
7
3
-1
1
0
2
1
1
0
0
2
0
5
1
0
9
3
1
3
0
8
6
2
-1
0
7
3
1
1
0
2
-1
1
0
0
2
0
5
1
0
9
3
1
3
-1
8
6
2
-1
0
7
3
1
1
0
2
1
1
0
0
2
0
5
1
0
9
3
-1
3
0
8
6
2
-1
0
7
3
1
1
0
2
1
1
0
0
2
0
5
1
0
9
3
1
3
0
8
6
2
-1
0
7
3
0
1
0
2
1
1
0
0
2
0
5
3
1345069016
3
1259113981
1
1460056567
3
2124476158
3
682738474
3
1689606187
5
3
1345069016
3
1259113981
1
0
3
1
3
-1
3
0
5
3
1345069016
3
1259113981
1
0
3
1
3
0
3
0
5
3
1345069016
3
1259113981
1
0
3
-1
3
-1
3
0
5
3
1345069016
3
1259113981
1
0
3
1
3
-1
3
1
5
3
1345069016
3
1259113981
1
0
3
1
3
-1
3
-1
5
3
1345069016
3
1259113981
1
0
3
0
3
-1
3
0
5
2
1260003265
4
2
966301832
3
1577819011
3
867448378
3
214500100
5
0
2
1887139866
4
6
3
2104568313
8
0
6
9
5
6
7
0
1
1348109979
3
1261768882
2
1368923466
1
1883088177
3
2080676939
6
2
1125912359
8
1
1240535194
3
2026750689
2
1564972369
5
6
7
0
1
0
3
-1
2
1
1
1
3
1
6
2
1125912359
8
1
1240535194
3
2026750689
2
1564972369
5
6
7
0
1
0
3
-1
2
0
1
1
3
1
6
2
1125912359
8
1
1240535194
3
2026750689
2
1564972369
5
6
7
0
1
0
3
-1
2
0
1
0
3
0
6
2
1
8
1
1
3
0
2
1564972369
5
6
7
0
1
0
3
-1
2
0
1
0
3
0
6
2
1
8
1
0
3
0
2
1564972369
5
6
7
0
1
0
3
-1
2
0
1
0
3
0
6
2
1
8
1
1
3
0
2
1564972369
5
6
7
0
1
0
3
-1
2
0
1
0
3
0
6
2
1
8
1
-1
3
0
2
1564972369
5
6
7
0
1
0
3
-1
2
0
1
0
3
0
6
2
-1
8
1
0
3
0
2
1564972369
5
6
7
0
1
0
3
-1
2
1
1
0
3
0
6
2
1
8
1
0
3
0
2
1564972369
5
6
7
0
1
0
3
-1
2
0
1
0
3
0
6
2
1
8
1
0
3
0
2
0
5
6
7
0
1
0
3
0
2
0
1
0
3
0
6
2
1
8
1
0
3
0
2
1564972369
5
6
7
0
1
0
3
-1
2
0
1
0
3
0
6
2
0
8
1
0
3
0
2
1564972369
5
6
7
0
1
0
3
-1
2
-1
1
0
3
0
6
2
1
8
1
0
3
0
2
1564972369
5
6
7
0
1
0
3
-1
2
0
1
0
3
0
6
2
1
8
1
0
3
-1
2
1564972369
5
6
7
0
1
0
3
-1
2
0
1
0
3
0
6
2
1
8
1
0
3
1
2
1564972369
5
6
7
0
1
0
3
-1
2
0
1
0
3
0
6
2
1
8
1
0
3
0
2
-1
5
6
7
0
1
0
3
-1
2
0
1
0
3
-1
6
2
1
8
1
0
3
0
2
1564972369
5
6
7
0
1
0
3
-1
2
0
1
0
3
1
6
2
1
8
1
0
3
0
2
1564972369
5
9
5
0
7
8
0
2
1277636196
4
2
872733463
2
2081979576
8
4
0
7
1
2119258775
3
35332065
7
8
4
8
1
1728774061
7
1
2111982244
4
6
8
6
5
0
7
8
0
2
1277636196
4
2
872733463
2
2081979576
8
4
0
7
1
0
3
-1
7
8
4
8
1
-1
7
1
-1
4
6
8
6
5
0
7
8
0
2
1277636196
4
2
872733463
2
2081979576
8
4
0
7
1
0
3
0
7
8
4
8
1
-1
7
1
-1
4
6
8
6
5
0
7
8
0
2
1277636196
4
2
872733463
2
2081979576
8
4
0
7
1
0
3
1
7
8
4
8
1
-1
7
1
-1
4
6
8
6
5
0
7
8
0
2
1277636196
4
2
872733463
2
2081979576
8
4
0
7
1
0
3
1
7
8
4
8
1
-2
7
1
-1
4
6
8
6
5
0
7
8
0
2
1277636196
4
2
872733463
2
2081979576
8
4
0
7
1
0
3
1
7
8
4
8
1
-1
7
1
-2
4
6
8
6
5
0
7
8
0
2
1277636196
4
2
872733463
2
2081979576
8
4
0
7
1
0
3
1
7
8
4
8
1
-1
7
1
0
4
6
8
6
5
0
7
8
0
2
1277636196
4
2
872733463
2
2081979576
8
4
0
7
1
0
3
1
7
8
4
8
1
-1
7
1
1
4
6
8
6
5
0
7
8
0
2
1277636196
4
2
872733463
2
2081979576
8
4
0
7
1
0
3
1
7
8
4
8
1
0
7
1
-1
4
6
8
6
5
0
7
8
0
2
1277636196
4
2
872733463
2
2081979576
8
4
0
7
1
0
3
-1
7
8
4
8
1
-1
7
1
-1
4
6
8
6
5
0
7
8
0
2
1277636196
4
2
872733463
2
2081979576
8
4
0
7
1
0
3
0
7
8
4
8
1
-1
7
1
-1
4
6
8
6
5
8
2
414664038
6
9
8
4
7
2
1838545042
0
3
714311512
1
1501457928
2
668620264
8
1
394995582
9
2
2065759552
0
3
678257672
0
9
7
5
8
2
414664038
6
9
8
4
7
2
1838545042
0
3
714311512
1
0
2
-1
8
1
-1
9
2
-1
0
3
678257672
0
9
7
5
8
2
414664038
6
9
8
4
7
2
1838545042
0
3
714311512
1
0
2
-1
8
1
-1
9
2
-1
0
3
0
0
9
7
5
8
2
414664038
6
9
8
4
7
2
1838545042
0
3
714311512
1
0
2
-1
8
1
-1
9
2
-1
0
3
-1
0
9
7
5
8
2
414664038
6
9
8
4
7
2
1838545042
0
3
714311512
1
0
2
-1
8
1
0
9
2
-1
0
3
-1
0
9
7
5
8
2
414664038
6
9
8
4
7
2
1838545042
0
3
714311512
1
0
2
-1
8
1
1
9
2
-1
0
3
-1
0
9
7
5
8
2
414664038
6
9
8
4
7
2
1838545042
0
3
714311512
1
0
2
-1
8
1
-1
9
2
-1
0
3
-1
0
9
7
5
8
2
414664038
6
9
8
4
7
2
1838545042
0
3
714311512
1
0
2
-1
8
1
1
9
2
-1
0
3
0
0
9
7
5
8
2
414664038
6
9
8
4
7
2
1838545042
0
3
714311512
1
0
2
0
8
1
1
9
2
-1
0
3
-1
0
9
7
5
8
2
414664038
6
9
8
4
7
2
1838545042
0
3
714311512
1
0
2
-1
8
1
1
9
2
-1
0
3
-1
0
9
7
5
8
2
414664038
6
9
8
4
7
2
1838545042
0
3
714311512
1
0
2
1
8
1
1
9
2
-1
0
3
-1
0
9
7
5
8
2
414664038
6
9
8
4
7
2
1838545042
0
3
714311512
1
0
2
0
8
1
0
9
2
-1
0
3
0
0
9
7
5
8
2
414664038
6
9
8
4
7
2
1838545042
0
3
714311512
1
0
2
0
8
1
0
9
2
0
0
3
-1
0
9
7
5
6
1
24381646
8
5
4
3
2046237232
4
0
3
665436816
6
8
9
8
5
8
3
110493491
1
930654636
2
556450520
5
8
3
110493491
1
0
2
0
5
8
3
110493491
1
0
2
1
5
8
3
110493491
1
0
2
0
5
8
3
110493491
1
0
2
-1
5
6
9
6
1
1814196976
6
8
2
1532809531
3
345890646
2
1253212195
4
9
2
2026175063
5
6
9
6
1
0
6
8
2
-1
3
0
2
1253212195
4
9
2
2026175063
5
6
9
6
1
0
6
8
2
-1
3
0
2
1
4
9
2
0
5
6
9
6
1
0
6
8
2
-1
3
1
2
1
4
9
2
0
5
6
9
6
1
0
6
8
2
0
3
1
2
1
4
9
2
0
5
6
9
6
1
0
6
8
2
-1
3
1
2
-1
4
9
2
0
5
6
9
6
1
0
6
8
2
-1
3
1
2
0
4
9
2
0
5
6
9
6
1
0
6
8
2
-1
3
1
2
1
4
9
2
1
5
6
9
6
1
0
6
8
2
-1
3
-1
2
1
4
9
2
0
5
6
9
6
1
0
6
8
2
-1
3
1
2
1
4
9
2
-1
5
