9
4
5
9
6
3
2097672626
2
425562866
9
0
0
1
754735353
4
8
9
3
148276020
4
6
0
3
2142214549
3
917981377
5
-8
-4
-7
5
3
348762247
-3
-3
2
1752839844
2
1132258478
2
675177201
4
2
1994193677
4
0
8
2
2011968371
7
2
1626527185
0
0
9
5
-9
3
63787276
-2
-6
1
-1305059543
-9
1
-2010351507
-1
0
-6
-2
0
-4
0
-4
-4
-7
8
1
-1516428279
-2
0
7
1
1486770866
6
8
5
-5
-7
9
1
-894954133
-5
-3
5
5
6
8
7
5
6
4
-1
5
-6
-9
8
-4
6
9
9
8
3
1178415852
2
463326404
3
1130336172
3
1653501957
6
1
69507424
1
1424223327
2
245246053
8
2
1840714072
1
1550084846
9
0
4
2
102870027
3
86226937
4
2
1910291367
4
8
1
75926758
2
99498426
1
574283967
3
617152129
0
7
0
8
2
60792195
8
4
8
9
2
685152979
2
1252310936
2
539264189
2
1356900309
3
242306496
8
8
4
9
6
8
8
9
6
1
1198502399
6
1
1014048541
6
3
1074840737
5
0
-1
1
487345936
-4
-6
-6
-4
6
3
337431702
5
8
-6
7
-3
-3
-6
6
-5
2
139422203
7
5
-8
-2
-2
-9
-3
9
-3
6
-3
-9
-8
-4
2
2048548473
8
5
7
0
0
6
5
-8
9
-2
7
1
1676790232
7
9
0
7
5
0
1
1239233289
6
-6
-6
-7
-9
0
-3
6
4
2
573669960
8
1
1444892702
3
1926254606
2
2056897983
0
8
0
9
3
1973764305
0
9
1
191563868
9
5
0
1
-1524196438
9
-1
-3
-1
3
-188510526
7
-9
-5
7
9
8
-6
9
0
-2
8
-3
-2
-7
3
717753320
-9
0
8
0
-1
5
4
-9
-2
-8
-2
9
5
5
-3
5
-1
-3
5
3
1238807769
6
9
7
1
1919115259
3
1184161014
6
8
2
1298037783
2
1097323490
0
0
7
2
1283490124
7
9
4
7
2
1246310345
6
2
1190868941
3
1384016220
0
4
6
2
1669424281
0
3
539557526
4
0
4
8
5
5
-1
9
9
3
715875267
9
8
4
7
8
0
0
7
4
4
4
7
5
-1
-8
0
-9
2
586771102
0
-8
-7
-5
-2
-4
-7
-4
-2
-1
3
-731947461
4
3
1032041825
6
1
1041686383
0
4
6
2
1707775272
8
8
5
-5
-6
-7
-6
0
5
-9
6
-5
7
3
286244999
5
-8
9
9
-5
-3
-8
1
1171978115
1
529228135
1
1218573734
6
1
436025418
6
2
128530632
2
1270089456
3
1422192142
0
0
9
8
3
1198800755
4
1
248900442
0
5
-7
0
2
-803452496
-9
-1
7
-9
-5
-6
-9
-9
-6
0
2
925210046
0
0
5
4
-8
6
3
1158930981
-5
0
-3
0
-4
-7
0
-2
9
-3
1
347890559
8
7
3
1326425699
9
6
8
2
816304193
9
6
4
4
4
6
6
5
7
4
3
-215555444
4
1
428800026
-3
6
9
-1
5
3
248672870
2
1801649875
-2
0
-1
-1
-2
3
-1916441393
3
861031702
8
6
6
6
1
1824284016
2
1035230498
8
3
671778299
0
3
414869030
3
293741400
6
5
7
0
0
2
-309255342
-9
-2
2
-726334433
-5
0
-2
3
1230087261
8
-3
-2
3
-955607727
-6
-8
0
-6
-2
-1
0
-9
8
-2
-2
0
1
48794664
3
1338558024
4
2
472045208
2
1887254476
5
7
-7
4
-1
7
8
6
2
530629557
-4
3
2022447384
0
0
-3
-2
5
1
-140325668
0
0
3
995974890
-9
-4
7
8
-7
-3
-8
0
-6
-1
-4
6
5
3
1209764036
7
-7
-8
-4
-4
-9
0
-4
5
-2
5
7
5
-9
9
4
6
6
6
5
4
-8
-2
0
7
1
-986807620
7
4
1
1220232786
7
7
7
4
7
7
9
6
5
-9
-9
9
-1
5
-3
4
3
1328978528
4
8
7
9
6
0
1
1782856026
8
3
448206978
7
6
3
2090757295
1
949373709
6
8
5
-5
-9
6
4
-6
-7
4
-5
5
4
5
3
-1830587831
0
8
0
3
1524669934
0
4
1
1924751336
9
9
6
7
0
3
1906523736
7
2
442186557
5
0
0
-5
-4
-6
0
-6
-7
3
1439616840
6
6
3
-5750191
1
-289019809
9
-3
4
-3
-7
2
1892162770
6
0
0
3
599336441
4
9
2
1352014970
9
1
70248713
6
9
8
7
4
7
4
7
4
0
9
0
2
1618812651
4
8
4
5
2
-197790997
7
-1
-2
-2
2
1050112961
4
1
1141062003
-7
7
1
664247302
-4
8
4
-7
0
9
0
8
7
0
3
2051363065
0
4
-1
1
-1039195113
-5
0
-4
-9
2
474346873
0
6
-3
4
-7
-3
8
-4
0
-9
0
-1
-8
-2
2
2021109866
0
6
3
267937422
7
6
8
8
7
6
4
8
5
-1
1
-1139047564
-3
-9
4
-5
-5
0
-4
7
-5
7
8
7
-4
0
-1
4
-7
-5
-7
2
-588564052
-7
-3
-2
0
-5
-9
1
1140737133
1
1128443809
2
-1398973035
9
5
8
3
-42296604
8
6
-9
-3
4
-4
0
1
-1691891728
3
2075218730
1
1831892902
6
-8
6
-6
-1
-1
7
-2
0
-1
0
8
5
-3
0
3
2130859456
4
6
-4
-7
-5
5
9
-9
0
0
9
-1
-8
-6
-2
-5
0
4
7
4
5
0
7
2
754517635
-3
0
-3
-6
-1
0
0
0
-9
3
1681711299
2
988474311
8
9
3
1003687661
2
1754946497
8
3
894550344
8
9
1
44581244
3
130427738
4
7
8
3
837724956
5
8
6
-8
4
7
-2
-9
-1
2
-179428029
0
8
5
0
-7
-1
-3
7
2
-1115910764
2
-508428004
-2
2
-1265869744
5
-2
-9
1
946744260
2
1243281915
-7
2
890111711
2
1203618133
3
-1866682249
8
3
493916411
9
2
2000196747
9
8
6
8
6
6
9
7
0
5
-3
-8
-6
-5
0
-3
8
2
10824044
-9
-9
6
6
-5
-9
1
-1684018200
9
2
879843128
8
-8
7
-9
0
-1
-2
5
4
-9
6
3
-401372555
-6
-7
4
3
1661583029
-1
1
798862810
8
-6
9
1
54059726
0
3
-1226384466
1
1251949815
6
-3
-2
-7
7
6
5
9
-1
8
-2
3
-1532918921
-2
-6
8
-7
-6
8
9
-4
0
8
7
-8
5
6
-8
0
2
-131692278
-7
3
1161617926
5
0
-6
-6
-5
-9
-9
-4
0
3
1706810813
9
3
1489939265
0
8
2
1160308958
5
6
-6
-6
3
-471414983
4
5
-6
-4
0
-5
-6
-4
-9
5
-6
9
2
1906141995
2
-2072310258
8
0
5
-5
6
-1
-9
-8
2
126162174
1
909514524
1
1578403162
0
7
4
4
4
7
6
2
451291352
9
1
1489137373
1
1125392642
3
352967975
2
733338584
3
1277967006
5
-4
4
4
0
-7
5
-3
-2
9
-2
-3
9
3
304717089
6
0
0
0
2
575749342
0
5
8
-4
0
1
255311519
-2
-8
8
-9
1
1187111172
8
2
-29651060
-5
2
1605118190
8
8
0
0
4
0
0
7
8
6
2
2134951526
3
1625965369
9
3
1863564087
4
5
5
4
2
878770486
1
2089875971
2
1657802842
2
652255450
6
2
2141581302
2
879642296
6
9
0
5
0
7
-7
7
-9
-5
2
-1739547449
8
-6
-3
7
7
-1
9
7
4
3
665039377
6
5
-1
2
1164836422
-7
9
6
3
-1237256635
4
-2
-8
-7
8
-8
-4
3
-1754844191
-3
3
-726215296
-1
6
9
8
4
4
3
2121172849
7
5
6
4
8
0
6
-6
8
-5
-8
1
980975988
1
-1168372926
0
7
9
9
-4
9
-3
1
1633276055
3
1369748486
-2
7
-6
0
0
8
3
1052503747
3
770508578
2
133461351
1
2122258751
9
6
8
4
7
2
1142762694
9
1
91817314
6
4
2
1424515848
1
1491685691
3
196379420
3
1896631833
6
7
1
1965237400
4
6
0
9
8
3
736967642
7
2
892322520
3
433004819
4
8
8
7
2
1031774284
1
2019321144
4
3
1363523188
7
3
1830157851
2
1809817361
0
3
1627571113
4
9
6
5
8
9
7
-4
-3
-6
-9
-6
-1
4
6
-3
-8
-9
1
1182739197
0
6
3
-1836473036
-6
-7
-7
-4
-5
-7
-7
-7
-4
-5
-9
5
-1
5
0
-2
8
5
-6
9
1
-1347901608
6
6
7
7
3
603129893
5
4
2
-321234889
1
-1644507896
1
300068123
-8
-8
-8
9
0
2
2038168217
4
4
7
5
-6
-8
-9
9
3
-1676955801
1
689536408
9
-5
2
1689580305
-8
2
-22386164
0
0
1
97692724
4
9
9
5
-6
4
-9
0
0
-9
8
-5
4
-2
-9
6
4
4
-2
0
5
1
1808912678
0
4
-3
5
-6
-1
1
696975656
0
8
0
1
297157473
9
5
2
-1315839757
-8
6
-9
7
5
-4
0
-6
-2
-5
-1
-2
2
593106895
3
1972547917
0
9
4
5
0
4
-6
5
-8
7
8
0
7
3
1631957268
4
2
2034717392
7
9
3
1898109772
0
2
646059999
1
1361812981
5
6
-8
0
-3
-4
0
2
-1322094311
-9
2
1824930558
9
-2
5
-9
-1
6
8
2
-1624317812
-3
-1
2
1117975463
5
-7
7
0
-6
-3
0
4
2
-818102429
-4
6
0
2
421289918
6
0
3
907170170
5
-4
8
-8
1
-172484075
-6
2
-1926699350
-5
-4
-6
-7
-2
-2
-8
-6
9
-8
-6
5
-2
0
2
248734223
-5
3
-1714938985
0
5
3
2010216035
5
-5
-3
3
1779331409
4
8
8
5
-2
2
685746386
-3
-3
-1
5
0
8
1
1057780648
9
4
0
0
9
7
6
7
4
8
3
1538956427
9
3
1833503586
7
2
2147129427
8
3
656540762
4
8
1
1289788013
0
0
3
1756851505
8
4
6
5
6
9
-8
-5
8
1
1313656027
1
-501198587
-9
6
-2
-8
5
-2
0
-2
6
-8
5
-1
-7
-2
2
1327680858
-2
8
1
306375762
3
1579536846
0
8
3
927100445
8
7
4
3
454312460
3
1677153880
8
9
8
3
369052593
0
0
4
3
1125332739
4
5
-2
5
-9
-2
4
6
5
-7
-5
6
-6
-4
6
1
1667863697
2
2047989163
1
1309083977
4
4
6
6
4
4
7
9
1
59166026
7
7
8
2
1000254226
8
2
1135969726
5
0
2
-815955312
0
-7
9
-9
-6
-7
-2
-2
1
1860601479
8
6
2
575198255
-1
-3
-5
9
3
1751607701
-5
4
0
-8
8
-7
-6
2
895018279
9
4
3
2073110895
5
-8
6
0
-5
-5
-9
-2
9
3
1889162919
2
67199755
-9
-9
-5
0
-3
1
-1088938096
4
4
0
8
3
1607438946
-3
-8
-6
-6
5
-6
-4
1
835356460
7
-7
9
7
7
-3
1
-54675240
7
8
4
-9
3
1295099839
4
-8
5
9
-1
-1
-4
-9
-8
-4
-2
7
2
1904628600
5
8
4
-5
-7
-7
-1
0
-9
5
-7
6
9
-6
-4
-8
2
1257469228
2
1435055967
6
7
8
9
3
370314271
3
34024567
9
5
-4
-5
5
8
7
1
1410428520
6
4
5
-6
-2
3
716780272
5
8
-6
6
3
1839895833
4
1
1876801323
2
1987906787
4
8
3
498952270
6
3
1896688380
8
7
2
1427021487
6
9
5
-4
9
-7
-3
-2
1
-1988267255
-7
-6
6
9
1
-1464185719
2
1340499368
-7
3
-1879010594
9
2
462998514
1
1973405416
0
2
1323943304
0
4
0
0
8
1
782340868
3
518183327
4
0
2
1940096979
9
7
8
7
6
3
2030205114
2
1195919444
6
8
9
1
1458417023
0
6
8
6
6
2
1178224986
8
3
1841653038
7
6
7
3
1034636419
9
4
8
7
3
1753687946
5
1
-146108404
9
7
0
8
-2
5
1
-446013054
-9
4
-9
-1
5
-4
-7
5
-8
-6
-9
4
0
4
1
1564218045
4
8
2
1488947146
3
2119442849
7
5
-3
-2
4
4
1
1091084828
-6
-2
2
-1253112711
0
0
2
2145729915
-2
2
619816964
3
643408748
9
6
6
0
8
8
5
1
730602475
0
-8
-7
-8
0
8
9
0
4
1
736119946
-9
6
3
2117417867
8
2
-1407814450
4
-8
-6
5
9
-5
-6
9
5
0
-6
-8
5
0
0
4
3
562255442
7
3
1572200754
5
5
5
-2
3
367533392
6
7
5
-1
5
8
-2
9
6
4
0
4
9
0
1
238050564
7
5
3
-1032758763
-2
8
2
-1444750841
8
-8
9
-7
7
-9
0
6
0
4
1
1241821004
4
0
6
2
1597922004
4
8
3
718337463
6
9
1
575818
3
2142537542
7
9
9
2
1653049746
6
4
6
9
4
1
126234077
5
-3
-4
7
-5
0
-3
-4
2
-143122995
1
1148319802
8
-6
9
4
9
9
6
0
6
-7
2
1520321227
-7
-8
-8
2
609646035
-3
-2
6
8
2
499630745
-8
-3
9
-4
0
7
-3
-1
-8
0
0
-2
5
2
1608610710
2
1217968056
5
-1
-7
-9
-3
8
3
1579613546
0
9
8
2
1544050738
3
1201019643
1
1196831386
0
9
7
9
6
8
4
7
0
9
2
919004483
8
9
3
740025129
5
0
-2
0
-5
-7
1
-1718663727
-3
0
6
4
-4
-8
8
-6
-2
-6
3
1402249520
-6
7
5
-6
8
6
-4
6
-2
-6
-1
0
-1
9
5
-9
2
919747048
-8
1
967720426
2
-1835764743
-7
-4
6
-5
7
5
-4
2
1315539294
6
-1
9
-6
1
-612257552
-2
-9
1
1617066931
-2
4
1
194195287
8
6
1
1648668494
9
7
1
65659614
8
5
-9
-2
-9
-7
-8
9
-5
-8
-6
0
-8
-5
-9
-5
-2
2
621799304
-5
0
-7
-6
0
0
-5
0
-9
-3
4
4
5
8
6
8
-5
-8
2
-456695578
6
-2
6
-4
-8
7
1
-896494885
-6
-9
-2
8
6
5
-8
-2
4
-8
4
6
9
-9
2
1340581459
0
3
-739239934
3
-503634984
2
-1756571310
2
97965518
-5
8
9
7
2
2030678477
4
5
3
668258312
0
2
-1933207266
-3
1
-1516491870
-5
-3
-6
7
-4
7
0
-3
-3
-3
3
898947732
-5
-9
-5
3
-2093830091
-6
6
7
6
0
1
450116669
4
8
6
4
0
8
3
1503118142
0
6
7
2
1366278934
2
742574526
2
594573948
8
5
9
6
-4
-2
8
0
2
-930895943
9
-1
1
-178825133
-4
0
8
-6
7
4
1
1032658792
-5
-1
-1
-7
5
-2
-3
7
3
10641337
0
9
0
-3
-4
-4
8
6
8
6
-1
-9
9
-6
-6
-7
2
1859516540
0
7
7
6
6
9
5
-7
-6
-5
8
-6
-3
2
1172534394
0
0
-8
0
-4
-5
6
1
-1585708655
3
2137967485
-6
-2
6
-8
4
2
477603355
-3
-5
6
3
1211603304
0
4
7
7
9
0
8
1
758259216
3
23937968
5
1
-1976468107
-2
-8
-6
6
5
-5
2
-468085325
0
4
3
900835763
0
0
8
7
5
-3
-8
-6
0
0
-2
-9
-7
-2
2
23509353
3
182433706
8
0
5
-4
-9
-6
4
3
1422894184
-7
-1
-3
-5
-9
1
-1381030756
8
0
9
8
3
682211068
4
7
1
494945290
9
9
2
1744709149
5
-3
-6
-4
-1
-5
0
-6
0
4
4
-8
4
-6
-6
3
-77974121
2
1955807450
6
8
-6
2
1274532144
-9
-9
-2
8
-4
1
1398909031
3
14214946
6
1
1448491357
7
6
1
1768324751
0
9
1
2050969607
9
1
1429989230
7
5
-6
7
-4
-9
-6
8
0
-4
8
8
-7
-9
-7
1
1698044331
4
4
0
0
0
-5
9
-1
1
-1871766410
3
290135637
2
-1820365611
-9
-4
-8
-6
8
-2
1
-1885601517
2
1577775051
-7
2
-506089680
-6
6
5
5
-6
4
4
1
654117156
8
7
7
9
4
2
1302994752
8
7
5
-2
7
-8
-9
1
-1484410543
-6
-8
-5
7
0
2
1736217211
1
1292069705
0
2
641661734
8
4
5
-5
4
3
1611898921
-3
-3
-7
7
8
-7
2
1144653591
-3
0
0
9
-3
2
-43970433
-1
-6
7
3
901427637
3
125351300
1
1706254421
3
203223878
1
291467053
3
1395299526
3
126326209
4
0
4
6
5
1
1134552139
-8
7
-7
2
-1951537493
0
-2
3
-1073530100
6
-5
3
-1270277693
9
-9
9
0
1
-404627816
1
-709381135
9
2
678231215
-8
-8
4
-3
6
8
-9
1
-1446693663
4
-8
-6
9
4
-6
6
4
9
9
4
7
7
7
8
7
8
5
-1
1
-1821054769
7
-2
-4
7
-5
-6
-3
-2
5
1
1465642529
-9
8
2
-1078311688
1
107857907
3
1401671806
0
0
8
8
0
7
2
2029126430
1
1631522419
4
3
960181336
1
1627117112
7
7
5
-9
-7
-2
1
-1520966480
-3
-9
2
-495093294
-9
0
9
0
8
-9
-9
-8
-6
-1
0
1
-1723359526
-6
0
-5
-5
-7
0
0
4
9
9
4
6
0
8
4
1
109885750
8
2
1798091417
0
0
5
-4
0
6
-5
3
820745871
0
-3
8
-5
0
-1
-6
1
741021436
4
5
-7
8
-3
9
-1
-3
4
1
-1261159666
5
3
-1148146079
-3
-3
-4
-9
-5
2
1295692942
-9
2
588244788
7
7
8
9
5
0
0
3
1565326447
-1
5
-4
-2
5
-2
-7
9
4
2
228028365
5
-6
7
5
-7
-5
9
8
6
6
4
0
1
2005253999
6
6
6
9
8
9
4
2
1865176556
5
-3
-9
-6
-9
0
8
-4
0
6
0
-5
-4
5
5
-3
3
368600503
6
3
1042613905
5
-9
2
-1057798813
-9
-8
-3
4
6
7
9
4
2
1663982544
2
1186489020
3
785628217
4
3
1989881423
4
2
1608800139
3
1769218375
1
591179382
6
0
9
3
201039211
2
2110550119
9
7
5
9
3
-2092251657
-6
-6
2
2019142368
-3
0
-3
-6
-5
-6
8
7
-7
-6
5
6
-7
0
-5
9
9
-2
5
-7
-8
5
-4
-3
2
1607114597
2
840757883
7
0
6
0
1
255469653
5
-9
4
-8
-3
8
-4
9
-1
8
9
-9
-8
-2
7
3
313049680
3
1272830275
2
996797842
5
4
9
0
7
0
-3
-7
1
-438337312
1
-498305839
0
0
0
0
7
-9
8
1
-1202217326
-6
9
4
3
1837059577
6
3
176772722
3
902862265
9
4
2
148801014
4
6
3
1072114060
3
1141810557
2
1198426851
3
1989218250
4
8
1
1511660322
5
1
586227868
-2
6
7
3
-2087714937
1
443574899
-2
-1
3
-1206169192
2
-880525553
8
-8
4
0
-7
-9
-4
-2
0
3
-1170750115
3
537147372
-9
4
-7
5
8
0
-2
-9
9
2
-1539102633
-6
-9
-2
-6
3
-1840501489
7
-6
-1
7
7
-7
7
0
1
-818962839
8
5
1
445217376
-7
-8
-5
-3
-3
4
4
2
-1260864495
0
6
-7
-2
4
4
-5
-9
8
7
-4
-8
-6
-7
3
978353102
3
250509288
5
2
1160820151
-3
6
8
0
-9
-2
1
1036863154
-4
9
-3
0
1
1107542448
-6
6
8
-5
-8
-7
7
2
1144322067
1
-865564977
-6
4
8
0
5
3
-362533720
4
-5
7
-3
0
2
692217622
8
-9
-7
9
-3
6
4
4
-6
-8
-6
3
175784567
-9
2
870574079
6
-9
9
-7
-9
0
1
1123507292
2
1145858904
7
8
1
1886269432
7
2
1102512954
0
3
1894637222
2
921689742
9
8
5
7
-3
-1
-5
-6
0
3
1293855398
-7
3
624810509
2
1669371941
-9
6
-2
4
0
5
9
0
-2
-6
4
-2
9
9
-5
4
7
-6
4
5
-7
6
4
-2
-2
6
-9
-9
-3
-8
-4
-4
-5
8
3
386502430
3
1534189874
8
6
2
2022729793
9
0
5
-7
2
1238144494
0
7
9
2
390392140
-1
-5
6
4
4
5
-7
-7
8
2
-318543816
-9
-7
-5
-9
-1
-5
9
5
-5
2
-667307466
-2
7
-8
4
8
2
-1012581063
-9
-6
-9
9
8
4
1
162623601
4
1
270933833
9
6
7
2
1744916977
8
2
1930239611
4
3
1107721365
1
1788090104
9
1
179797744
9
6
3
2091323341
5
-3
-4
-3
-9
4
-9
9
0
1
-1594268886
-6
-2
-9
1
-1108532649
-2
-8
-5
2
114654489
-4
-6
-6
-1
-4
7
0
-2
-4
-2
-1
0
-2
-2
5
-9
1
658354313
3
468088439
3
-145390086
-1
6
7
4
8
-5
2
1021758707
-7
8
-9
-5
7
-3
-3
-4
-9
-6
7
-9
5
-5
0
0
2
971951101
1
-1596794936
6
-3
1
1203043870
0
-7
7
-8
2
857329556
2
-648900659
0
-9
5
8
9
0
6
7
2
6340134
-8
0
6
-2
0
0
-6
0
-2
5
-8
-7
-3
0
5
-8
2
616556728
-9
5
0
5
2
-1131044398
8
2
213627978
7
7
9
4
4
8
7
6
7
0
4
6
6
0
8
9
5
0
0
9
3
1689022529
-6
-5
3
-1568472268
-9
4
8
0
-7
-1
0
0
-4
-2
-7
8
-5
6
6
1
2089119846
3
2074655982
1
1139619019
1
488774210
3
486308184
8
7
4
1
1545006232
0
8
3
1590689930
2
2007561514
2
842030182
6
4
8
9
9
4
6
8
7
4
3
271530731
7
3
2099734032
7
8
8
8
5
8
-2
8
-3
6
4
3
1356150992
-9
2
-901689273
-3
-9
-7
5
9
0
0
6
4
5
1
-105374141
3
-561786781
4
-5
5
0
0
0
-6
-2
-4
-7
9
9
9
4
7
3
887521079
4
2
805494611
1
339049727
5
9
-3
6
-1
3
115847474
-6
0
0
-6
8
3
-169494620
-5
-1
4
1
1610855771
-5
-1
1
1068424265
2
1784752257
6
7
8
1
1674363659
6
5
-6
6
8
3
1495687910
0
0
-6
-3
-4
0
1
-1981310633
0
8
6
-4
7
-2
-5
-4
-9
2
441472066
4
6
5
4
0
-2
0
3
-1915864668
9
1
-389442894
0
-5
0
-8
8
5
3
-2049237847
1
-1003460957
5
8
3
281045128
1
1157690902
5
-6
8
6
9
-8
5
0
-6
-4
-1
-5
-2
1
678913336
5
1
768582926
0
8
-6
-1
2
-830458638
8
8
0
6
2
1097010537
1
1308496891
1
875609042
6
0
2
931170811
2
607993628
5
0
-3
0
-5
1
792725200
1
297204821
1
-1262851307
0
4
6
1
-8810593
0
-4
7
5
-9
8
-6
4
0
8
-5
4
-4
-2
-3
2
156046350
5
0
-1
-9
-9
-3
-3
-6
-9
-4
0
8
-9
-3
-5
1
369925533
1
327749830
5
1
-248204800
-4
7
-6
0
0
2
-2045881411
-4
-3
4
7
-9
-9
-4
5
1
2074093500
5
7
0
-8
2
1855196575
5
3
-57856114
-8
-2
-7
4
2
1075926124
4
4
1
1339321561
8
5
9
-2
-7
-3
7
-4
-4
-9
-3
4
-7
-6
-5
9
8
9
2
1902237175
1
2035946881
6
3
38451118
8
5
0
-4
0
-5
-6
-3
-3
-6
-8
0
-8
0
-2
1
790770641
-3
-6
3
-827098709
0
-9
-8
5
-6
8
-4
0
5
4
3
1001953758
-3
2
1860084917
8
2
2014720519
4
6
5
-5
4
-9
-1
-9
4
-9
-5
1
-513555582
6
5
-4
6
6
3
-354945476
0
5
8
-1
-2
3
1408553658
4
-8
7
3
1795305468
9
0
9
6
1
336248796
4
4
5
4
7
6
-5
3
605939083
-8
2
-768235113
-4
-9
4
0
-5
-7
-8
-6
8
6
4
9
4
2
177934287
3
190725476
5
-4
-5
1
-72011334
7
6
3
2086723992
8
0
-1
7
-6
9
-6
2
373489528
2
-515401808
1
1591923887
0
1
1238242610
-2
0
6
3
180641208
9
0
4
9
3
847748512
9
6
3
520444398
8
7
1
1427264387
5
9
2
-1995923679
9
-2
-9
2
727142682
-8
-7
0
-2
-5
-1
-4
7
5
4
-6
-4
-2
-6
2
-605416415
7
0
-7
1
-2046987699
-3
2
-351496608
0
0
3
920333902
1
419155319
0
8
7
3
401888931
8
7
9
5
-5
0
-3
-5
-6
4
2
-1946149852
-9
-8
5
-4
-9
0
3
135696683
5
-7
8
3
-2048623810
9
5
9
4
-9
-6
5
-4
1
-2146450907
-9
1
825349624
1
1360436597
6
2
615557069
7
9
0
4
7
9
8
3
837588406
8
4
9
8
9
0
4
1
285588489
4
8
4
8
0
7
3
1052191244
0
2
1174484540
4
1
1139147519
3
1425642581
6
2
434649133
4
5
-3
-6
2
2064567525
-9
0
7
4
2
1792754172
-6
7
-3
-8
6
8
-7
-3
-1
3
1071858388
-9
9
-4
9
3
1925291070
9
8
-8
-3
0
-4
3
-720717150
9
3
-1271754786
-2
1
-784486432
6
1
-1384697237
3
54415862
-6
1
2100001728
-7
4
7
0
1
1212289449
4
2
469060101
4
4
7
5
-5
5
-4
2
454622831
3
1213685293
1
291828772
1
1460897221
2
1395044288
9
9
5
6
-5
-8
2
-1323632861
-6
-6
-5
5
-1
3
-1409614619
0
-9
0
1
1503794809
4
1
677606420
3
1000042109
2
1160007298
6
8
3
2124888028
3
755418902
9
1
1579487579
6
6
5
3
-342115402
-9
-1
9
6
3
414677358
9
3
-1294437026
-5
-4
0
-6
-2
1
-1836463359
9
0
-5
-4
-6
-8
-2
-6
9
3
1675207953
0
2
83561581
0
3
506950225
1
1530082011
1
1686608006
4
2
1901443582
8
4
0
8
9
3
396005274
5
-2
-9
-5
8
5
-7
-8
-7
3
-1032845293
7
5
1
1748366264
-4
0
9
0
8
8
5
-8
1
46301804
2
-300719377
-6
-5
-3
7
4
1
545721753
4
7
4
3
652794326
2
451292384
6
6
4
5
9
-7
-1
-4
8
9
-3
-9
-5
-5
-8
-8
-8
4
0
-5
-1
4
-6
3
558672021
-7
5
0
0
-7
0
5
1
-300873438
6
7
-8
7
9
1
337862349
2
1230611780
6
2
1516389087
1
474981404
3
534565259
7
1
1253120447
0
5
4
3
-2145932512
-3
-1
4
4
-4
-5
-9
-8
-3
-1
0
-9
-4
9
-5
5
6
-4
7
-5
-4
8
0
9
-3
-7
6
-4
-6
-8
-4
1
-165651576
-8
-7
4
3
1891432543
8
2
1021883389
1
647478845
2
1102188210
0
6
9
5
-4
-7
2
156455977
-9
2
-401319328
-7
-4
-2
1
-396151246
6
-9
-7
9
5
0
1
1304323326
-2
-9
5
2
1283678977
-5
-3
8
-2
8
7
8
0
2
1748813779
7
0
0
8
9
2
938725925
5
-3
-3
9
9
-9
-1
0
-9
-1
-6
7
0
-9
0
2
-1757464491
5
5
-1
4
0
4
7
6
1
1578879950
3
1387878610
3
1451764449
8
4
6
2
1863981080
0
9
2
56326968
7
0
4
1
922056982
0
9
1
174084255
4
9
9
4
5
-1
-2
-9
-6
7
4
0
-4
1
633513776
-1
-2
-2
-2
-7
3
1648700217
-3
6
-8
-5
0
4
-9
-3
-8
-3
-1
9
-8
-4
5
1
-917718664
-3
0
5
-4
-8
-2
4
-2
9
7
2
929271774
0
6
8
2
712732798
2
1099634835
9
7
6
7
5
-8
3
-440072163
7
-2
8
1
664036973
8
9
-2
-1
-4
0
5
1
1027909535
0
1
304455431
-5
0
8
-1
3
-774678656
-6
-3
9
6
2
1183440694
6
3
210976623
2
2108101278
6
1
1214129197
2
543974967
1
63641503
7
3
1464769297
6
8
6
0
9
2
631642177
6
7
3
1391578358
5
-7
-3
-8
-2
1
-429600750
-1
-2
-9
6
-4
7
6
-5
3
-850277465
1
-843175941
-6
0
1
1253090993
-4
-6
-3
4
3
1737435932
-7
-8
8
6
0
3
655544479
-1
8
-6
6
-2
3
1184907347
-5
8
8
4
3
1024533167
5
5
2
2055294233
2
1860710040
3
1708208119
5
-7
5
-3
3
1725021955
0
2
44302935
7
3
148427811
9
6
5
-9
-7
-3
4
0
8
9
9
-7
1
926461699
-1
4
0
5
-5
6
-2
8
3
-1822449293
3
-1954442301
-3
9
-3
-8
0
-4
0
1
525005851
4
8
1
811186987
9
4
6
6
0
9
9
8
8
3
1220871235
8
2
324985804
3
1589098482
1
1232163956
4
9
2
468388123
8
0
6
9
1
680581492
0
4
9
9
0
7
8
2
1058234317
7
1
2124757055
3
1614023326
5
-9
0
0
6
-5
-6
-4
-2
8
5
9
1
1988200704
-2
5
2
217557146
2
1962991473
9
1
574146603
8
3
1890398053
9
8
0
4
7
1
428897861
2
1631596129
2
296895037
9
1
312163054
7
2
883634915
0
7
5
8
-1
2
-1887108055
-5
-5
1
1033317314
4
-5
-5
9
-5
5
9
0
9
-6
3
96490114
-3
-5
8
-6
9
5
-6
-1
-6
-1
-5
-8
-4
-7
3
-1522307859
-4
-4
3
1741997557
7
1
82798115
1
2119232847
0
6
8
4
3
1522196138
3
1192576136
0
4
5
-1
3
-1312087842
6
-8
-3
6
-9
9
8
-5
-8
-8
8
0
5
9
-4
-6
-5
6
8
-7
7
3
2007833686
1
-392250519
-2
7
-3
-4
5
7
4
5
2
1069383334
0
2
1903925550
6
7
5
-1
-6
-1
0
4
-6
1
1214057697
8
9
6
7
3
1999061561
8
8
5
0
7
-2
-4
6
-5
0
-1
5
0
4
-6
0
4
-9
-9
0
-2
0
9
7
6
7
2
664590123
1
174964307
0
3
149166580
5
8
-9
2
281362804
-4
-5
4
5
4
-4
9
3
1350955918
-6
-7
2
895437621
0
0
1
496486463
5
-8
-5
6
-1
3
1025980397
4
0
1
-417950491
5
8
6
5
8
-6
4
9
4
0
2
1001729497
6
0
4
2
1113092727
2
1158411478
3
1478571020
8
6
7
3
521592074
6
0
6
7
0
1
1579224583
5
8
4
0
8
9
3
-1165513078
7
5
-8
0
0
1
1882311641
3
-308836184
-9
1
1318931809
9
8
9
7
7
2
1454402988
0
9
0
5
0
-3
7
1
-9259419
0
-6
-8
0
-4
-6
-6
-7
-1
9
2
-1951082202
-3
0
0
-2
3
2048229967
5
8
7
-5
6
-3
5
-5
6
9
1
1397226063
9
6
2
1465278100
8
9
4
5
6
6
7
4
-8
9
-4
-5
-2
-9
0
2
-1373607041
9
6
6
1
1201636402
6
9
7
0
1
349272533
5
1
806316511
-3
2
-488373451
9
8
7
0
-2
8
0
-9
9
-6
1
-452822060
3
-1307880486
1
2022268221
-7
-3
4
-6
9
1
2090141276
9
5
-4
6
8
5
4
-5
5
-1
4
0
2
324605658
8
8
8
4
7
3
592962870
5
-7
0
-5
2
73962510
-3
-2
8
1
-1842238597
2
-277188495
-7
6
4
9
0
4
3
1250523869
4
2
1777418573
7
0
7
0
5
3
-249493079
5
5
7
9
1
1476442442
3
716196995
9
1
1582370190
0
3
1911722839
6
3
810556426
5
-6
4
-6
-1
1
-1319747127
0
0
-4
-4
-6
-7
0
-4
-6
0
8
3
1889257583
6
2
1340046469
6
5
-3
-8
0
-4
7
5
-8
-8
-3
-1
7
1
1779790738
6
9
1
2139837016
9
6
7
1
458258646
8
1
59224721
0
7
4
2
1447636900
0
7
1
89785947
5
4
0
8
2
-1855700492
-8
1
-2106492895
3
-1045527071
1
1764668738
-6
6
4
5
1
1504310712
2
-1393893526
-6
3
978787603
-8
2
-1247023326
8
5
-6
2
374122890
8
-4
7
7
5
4
2
1275950706
-8
5
9
9
1
1470487411
7
1
1544638160
3
1759554730
6
6
0
0
1
419207764
4
5
-3
5
2
489168082
1
12022193
1
1393158306
2
1584510167
1
1922339793
5
5
1
1944027521
3
1354237748
8
7
9
8
4
7
5
-8
-7
-6
8
-6
2
474735217
2
-1892488527
-3
6
8
3
1110970699
6
9
4
6
4
2
533511861
1
463714399
2
69302668
3
1272251529
0
4
0
9
6
5
-9
7
3
224977232
0
4
8
9
-5
0
3
1864676678
5
-9
-8
-8
-9
-2
-8
-2
7
0
9
2
-1396500991
-9
1
1965109449
9
8
5
3
1078256757
4
-1
-2
9
-4
-3
-8
6
2
73597841
-7
7
-5
-2
0
1
1482891894
3
453419057
0
6
8
6
2
1039656093
1
223054297
5
-6
0
0
-1
2
942078274
1
-772893943
9
-2
-9
2
515761753
7
1
989814186
-5
-9
0
6
5
-4
7
-3
-7
0
0
-9
-9
-4
8
-2
-7
-3
1
1196105982
-9
-3
8
-2
9
6
9
3
959265495
3
122567835
2
1361097062
6
8
7
9
4
2
1915401665
3
124942857
8
5
-2
-4
-1
3
2030920561
4
7
0
7
6
0
-6
3
-131309748
-3
-7
3
466884583
-8
0
8
-8
-3
-9
1
-322680583
-1
8
7
-8
-7
0
2
-1228799165
0
-6
-5
0
-5
4
8
2
1381268995
3
1769503435
3
196029996
5
9
0
-7
6
-9
-3
-4
-5
-9
8
-7
3
-1068398558
3
-1811926605
0
1
-216659608
-8
-9
-9
-7
-7
6
2
-836265189
1
-1100156676
-3
-2
0
6
9
-4
-7
3
-1719025389
5
-8
8
2
-161741205
-3
4
-6
-8
-2
6
-9
-5
4
8
0
-8
8
9
-3
5
4
8
6
2
-1542778913
-6
-6
-5
-2
9
7
-1
-3
4
-4
-4
1
-1423384973
-5
8
5
7
-2
8
8
3
480915611
2
397336699
-5
4
-2
-2
-5
-4
-3
8
4
4
-8
6
-4
0
7
3
1439864714
5
1
-1865563462
0
2
2087168405
-1
-1
-5
-3
-1
-3
-6
0
-6
9
3
1175058994
4
-8
4
-9
-3
4
-6
0
5
6
-9
4
9
6
9
-7
8
-6
-5
-7
2
960565594
0
3
-907421399
0
-5
5
-8
8
-9
8
4
-7
2
-1205634286
7
3
-65242449
-4
4
0
9
-1
-7
5
2
-2008557400
-1
-1
8
-9
6
-8
5
3
156604125
9
-9
9
-7
0
5
-2
-8
7
-2
-3
-1
7
4
6
9
3
985116283
7
4
5
5
3
405685000
3
1828044122
5
6
-6
3
1632908798
1
179731671
5
8
-4
0
4
3
-684105608
0
5
-7
2
-1805692436
-1
-7
-6
3
-1034284299
5
3
959821323
8
9
3
-2086818753
8
4
0
0
3
1698434456
8
5
-3
0
-3
-3
0
2
767638091
4
4
3
1635111414
-8
-5
8
2
930570531
5
3
-188821221
-4
-2
-3
6
1
-965927731
-5
-9
-3
-6
8
-4
6
-6
-8
9
2
215906926
1
309847539
3
1883664915
2
859946277
7
4
2
1351328938
4
0
9
2
29562499
3
1882543179
2
822728689
9
4
4
9
8
6
6
8
6
7
2
206799084
8
1
1513351767
6
6
6
3
832339770
9
3
1949444044
9
4
9
8
8
0
2
1490058117
1
18254259
1
339785500
7
9
7
5
-2
-1
0
-7
9
7
-8
3
-43906962
-2
4
-1
6
6
3
444651852
3
-2031637268
-1
-1
-9
0
0
8
-1
2
1318266668
-4
7
3
1982833842
6
-9
6
3
-1951498307
-6
-4
-4
-4
3
-1381085090
-7
1
94577048
-5
-3
-8
-6
2
-2128697895
-9
9
-2
0
-6
-7
-8
-1
-9
-9
-6
0
7
-4
-2
7
-3
5
7
-3
6
2
1031436896
7
1
-31764727
-8
5
9
0
-3
-6
-1
2
-1138933608
0
6
-1
0
1
1386864947
0
9
1
602128277
0
7
7
7
0
8
8
6
6
4
2
995369193
1
1049824791
5
1
1453368229
-4
-1
-9
9
-7
4
5
-3
4
-3
-2
4
-2
2
1341986977
3
2130298890
9
9
9
8
2
1046555356
9
6
4
8
7
2
1888804132
2
509863833
0
0
1
169466689
5
2
1638979514
-3
4
-7
0
-6
-1
2
-946446645
0
-8
8
-7
2
60302010
-1
-9
4
-7
-3
7
-1
7
-3
4
4
8
9
-2
3
212365799
3
1101168592
4
3
452905377
0
0
3
140723722
8
2
1785744854
5
6
0
8
1
1207971467
7
-9
-6
-6
-2
3
1014583856
-8
-1
-9
8
-2
4
4
-2
-6
-3
-2
-8
-5
-2
3
676412357
-4
-1
2
-811804457
-5
-7
5
8
-6
0
1
1909337608
9
7
0
-1
-8
0
1
1819180600
-6
-3
0
-3
-4
3
1687889600
-5
-2
-6
-8
6
-1
3
1447836235
1
-77436090
1
-1665284668
-6
7
-5
2
2056353982
5
4
5
-1
9
3
471593617
5
-4
-9
0
8
9
4
7
2
1113672247
2
1920716673
0
6
7
3
715062568
9
8
8
5
9
0
9
-2
-5
5
8
-7
1
47404791
0
3
1050063912
5
-4
-1
-2
-3
0
-6
4
5
8
-7
0
3
92558082
0
-2
-3
3
929902501
3
1790798623
9
0
6
9
6
3
1380854816
8
9
3
563165391
2
1619365953
7
8
7
6
7
8
4
7
0
6
0
6
0
8
1
1020844751
4
4
3
952415134
3
96635664
0
6
1
1969105010
8
4
4
2
1171934150
3
522940900
9
9
0
9
5
-7
-3
-6
0
6
7
4
-5
1
128712382
-3
5
1
-1965275553
-8
-4
5
7
-7
-7
3
-1997477831
5
2
-1027238968
8
8
-8
-6
6
1
1469369235
2
1596998047
4
3
673557619
9
6
3
1356935465
0
6
9
5
-1
-4
-3
-1
0
5
-2
-6
2
-2078305712
6
7
1
2141586473
2
702970960
9
8
5
-3
-8
4
-4
0
-2
1
1375669341
-4
-3
2
-1961072934
0
3
112349514
8
6
9
5
8
0
6
9
6
-8
6
-1
-9
5
4
1
495472686
-6
8
-7
-1
0
-1
1
583766914
1
1717274565
3
439145502
7
9
9
1
1444164782
3
125305419
1
1863937665
3
241209632
0
6
0
5
-5
-4
0
-2
3
1912505239
7
1
-1098703506
-3
-3
-7
-9
-7
-1
-6
-6
4
0
1
1695461624
6
-5
1
-1733044669
8
4
7
7
2
1727267435
4
3
764257066
8
1
611790953
8
7
1
1766061256
7
0
7
9
3
61088918
7
0
7
0
9
8
2
233685175
0
0
2
1197798047
3
1180494930
4
9
6
0
7
7
5
-7
9
8
-8
-5
-8
4
-9
6
5
-2
6
-3
3
-1262365489
7
-4
-8
0
6
5
-8
5
-5
-4
2
328926426
2
1001604230
8
7
5
6
-3
3
-2035411880
-8
9
7
8
9
6
7
3
1009253929
8
0
1
1027015896
1
167446324
1
800042546
8
7
7
8
7
3
1729118177
3
1683472481
2
843027861
0
7
9
0
1
1845569952
1
1831419326
0
8
1
1899632709
9
2
721891552
5
7
4
1
-2112154763
-7
7
2
932702378
-1
5
-3
-6
8
-7
5
-3
7
-8
8
7
9
5
-2
8
-4
6
0
-3
-2
3
549662014
7
4
5
-4
-1
0
2
-1108904262
4
-5
4
8
1
1553898505
-8
0
4
8
6
3
824292654
5
-7
5
0
8
6
8
2
73249549
8
7
7
1
1988296538
2
2033334863
9
7
7
9
2
71187474
0
5
5
-5
4
9
9
9
9
0
7
2
1989463049
2
396726333
2
501726237
7
0
3
1882290784
0
6
2
2073931466
3
840304416
8
2
2143283866
1
370526359
7
7
1
86813924
9
1
1984223333
8
1
38997542
0
2
513826975
3
1591900336
2
1740645980
7
7
7
9
3
1422757441
7
9
9
5
3
-861340008
-8
7
-6
3
-1298571637
4
3
-451734007
-5
-2
0
-9
-6
9
-5
4
0
-7
9
4
7
4
-7
-2
-9
6
7
-1
8
7
4
1
292668532
1
-397666962
-5
-9
7
1
-771635014
0
4
9
3
-777435260
-5
-2
-4
-7
1
884392926
1
948259205
-5
3
1925940960
3
1526330229
1
586855613
9
6
2
1855381141
8
6
4
6
6
8
1
1548648820
7
8
0
1
977300076
4
2
630818264
7
2
1279048123
8
3
309309168
0
8
7
1
1910886462
9
0
6
2
1615890388
5
-2
-8
-2
-5
-3
-4
-3
8
1
-1423795530
6
7
-9
2
586711824
9
1
196016063
1
1946039565
-6
-3
7
8
7
-9
-1
-1
3
1387328082
-1
-6
6
7
-4
-2
5
1
1324395224
-2
-4
6
-1
-6
-2
0
4
-3
6
9
9
0
-1
-9
9
-6
-3
-2
-5
-6
2
-229205419
-2
3
-1262618534
-9
4
0
-6
5
-1
2
-387688771
5
-3
3
1221781647
8
7
8
0
6
4
1
552456135
5
0
4
-6
1
1739484198
-4
-2
-6
9
0
-3
9
1
1368005648
8
1
570718496
1
1753294389
0
1
1452785862
9
5
0
-7
-9
7
5
6
-5
-2
8
-2
1
1552675421
9
4
4
1
1018398450
4
4
3
1471521918
3
1192681585
7
1
1383628003
6
8
9
0
1
1801811297
9
0
4
0
5
8
7
7
0
-7
9
0
-5
2
-1847820122
2
240778875
-3
-1
8
3
-975957571
7
-4
-4
6
5
-2
-3
-4
-3
-1
9
-4
9
2
-1125358854
0
-2
-9
-3
8
7
7
0
-7
-4
0
-1
9
4
8
3
523993857
7
6
8
4
9
7
0
7
2
712057450
6
2
453074581
7
3
483913381
8
4
0
0
1
1910546766
9
2
1202773621
2
865131913
7
1
202866268
4
0
7
3
1405087445
6
2
1462807705
5
-6
-2
5
-4
-5
6
8
2
713520371
0
2
1999655500
9
9
3
266262938
2
1131027509
6
0
2
984864666
5
-6
-3
-2
-8
7
2
358159332
-5
-2
-9
4
-9
-5
-4
-6
7
-5
0
-5
1
1834118849
8
2
1338041087
0
6
1
231051163
4
3
1301973123
1
1365661696
1
1442908743
4
0
2
1713754728
2
1612072298
1
1080505651
0
8
7
9
3
211620315
9
8
4
9
3
1236296604
1
454012461
7
4
5
-2
-1
2
230752679
-9
4
-5
-9
-4
4
1
1320227207
-9
-9
0
-3
8
-6
2
1833270648
0
9
4
2
-1789991923
-2
9
8
-9
-5
0
7
5
0
6
-7
-8
3
933077247
-6
5
4
0
9
4
5
7
2
1092444115
8
0
7
1
1020253699
3
1003135610
0
4
9
8
2
731473448
0
3
1691845909
3
1313627255
9
8
9
6
5
-1
-1
-9
8
3
1923381523
-4
-8
-6
-1
8
-5
0
0
-6
-8
7
8
3
112477132
2
-389735231
-3
-8
0
0
0
2
1709876876
1
1767490976
3
1873578335
2
1624882223
8
9
9
7
0
7
3
435454174
8
7
7
4
4
0
1
1779127474
6
7
7
2
1681007009
8
4
3
1648685626
5
5
5
5
6
3
763878428
6
0
0
4
6
9
7
0
8
9
6
5
9
5
2
639433969
1
1800424545
4
5
-1
-5
6
0
0
-8
5
-5
1
779172113
-6
3
-93215946
0
3
1808438078
8
9
6
5
0
0
-3
4
-2
3
936288798
3
1798813001
-5
8
6
3
1420399122
4
1
830671794
0
9
1
1975067967
9
7
2
762644834
7
3
1790146093
7
5
1
-897577056
-1
5
8
8
5
-9
-7
-1
5
8
0
2
558651904
3
1910253870
2
1484398233
5
3
-338191367
2
-563471265
-5
4
-5
-5
7
6
5
-7
-9
0
0
-1
2
506588264
-8
0
6
-2
3
1960075756
7
0
0
2
990197512
2
848121546
6
1
1346797935
4
8
1
1980741434
2
487220621
2
880954390
1
487160976
2
1209013470
2
2028393487
4
2
788602508
0
4
1
1122213638
3
22274864
0
7
6
5
-9
0
7
8
-9
-2
9
2
930288428
-5
2
938876590
-3
3
2135928487
3
-1946765733
-5
3
2093822668
0
3
735843424
-8
-2
1
1365908428
-1
-5
2
-170106633
-1
-1
-6
-5
1
-117917090
6
6
9
-7
0
-1
0
6
7
8
8
0
-5
6
0
0
6
2
306497198
1
321503269
1
592585622
1
1957570539
1
530337782
2
266043151
5
5
9
7
0
4
4
7
0
7
6
6
4
0
6
7
2
1361944975
4
8
4
9
0
3
331386944
1
1349867094
0
2
1669375155
8
4
7
8
1
1775154237
2
1143527866
6
3
868763065
5
1
451329061
9
-8
-1
5
-8
0
-1
-1
8
5
-4
-5
6
-6
2
837810585
3
2138109759
9
9
7
8
7
9
4
5
8
1
103103391
1
-423703334
-2
3
1429227700
8
-4
2
1647747591
4
-3
-4
-2
8
5
0
-9
2
-1282223537
0
-3
3
-598572401
5
-5
-8
6
0
5
-9
6
-4
1
2029927123
1
455612269
2
1594845174
1
297609612
0
1
1534303752
8
3
476474736
4
6
5
3
-155784366
9
9
0
5
3
-297140480
7
3
1001786102
7
6
8
6
4
2
1065302371
8
1
939776959
1
1988489040
6
2
643484857
4
8
7
9
7
7
2
401580838
4
3
1448612016
9
8
4
3
1779135835
9
1
70840365
7
7
7
0
8
8
9
9
0
7
1
378089639
4
1
1455440046
3
267020801
5
2
2097930819
-6
-2
5
-9
-5
-2
-7
-9
1
1678176752
6
2
457237524
3
1955760645
7
5
-3
-8
-5
1
620071155
-9
7
-3
-5
-6
-9
6
7
-3
1
994542000
1
1161755680
9
3
1723821989
4
0
7
9
9
9
8
3
330229789
3
1229932808
5
3
1271004457
8
-3
2
-1239787643
-1
-5
2
1450284870
-7
8
8
-8
2
1189624860
-5
3
1786401273
-7
1
2006404117
-9
3
2087714978
-6
-3
-4
-1
4
-6
-7
-6
4
9
1
1487399137
2
1500835496
4
4
5
9
9
3
977655893
-3
3
-612329540
-8
4
-2
4
5
1
-1799396223
4
4
-3
-1
1
312576739
9
0
0
6
3
189429891
4
2
1903068420
2
697263740
1
352046702
8
3
411746357
2
194359322
2
158514583
7
3
1878559630
3
1489674833
3
1319909523
8
6
4
6
6
4
1
83523926
7
5
-8
0
4
-1
-8
9
3
-592702323
3
-679770069
0
-3
-6
-6
0
-5
-9
0
5
7
3
1864070969
8
-2
-2
0
7
0
0
-3
8
5
4
-4
0
3
-602310380
-9
-5
7
-3
-9
4
2
-1069105968
6
5
0
-7
4
-2
-3
-8
5
7
-1
-3
-8
-4
-7
-7
6
7
4
0
1
1098340228
9
5
8
-7
4
-9
0
-2
4
2
1836453062
9
-7
-8
-7
5
-5
-7
9
-6
-5
-6
-7
-9
7
4
5
6
7
6
9
-4
9
2
1766601226
-2
3
1998524834
9
7
0
4
5
-6
1
-605012045
5
-5
-2
-2
-2
1
1044708045
1
375653469
4
9
3
74871285
1
414230562
0
0
8
8
6
3
1781079084
9
5
-9
-2
-7
-9
-1
9
-8
5
-5
4
9
-2
5
-9
-2
2
-1821552638
-4
9
7
1
430113737
2
1288567382
1
1872073558
1
1027162844
8
5
1
471030116
0
7
-2
2
-2073656271
5
1
1076825176
0
-5
-5
-5
-5
0
2
429351031
1
1019781780
3
728409460
4
7
4
9
5
-7
0
0
-9
0
-3
2
1804006868
-1
7
-4
0
9
-6
9
-3
-8
-8
-9
7
8
0
9
3
201631708
4
5
-7
-8
-1
-2
-2
1
-663906691
-4
-4
-8
-1
5
-1
-3
7
9
1
1576744125
-9
2
1100558673
5
7
9
-1
0
-1
-2
8
-6
0
0
7
0
7
5
-4
6
-3
2
1292543205
9
-5
9
-6
1
136950271
-1
6
-9
9
5
2
-1225687481
-1
-7
2
1625845463
1
-1252055870
2
1272341421
-1
0
9
8
1
-147957339
4
4
7
4
8
2
457459447
3
134924360
7
9
9
8
8
1
593585917
3
2106386763
1
501614435
7
5
-8
2
1839901208
-4
4
-3
-3
8
1
-670473077
-7
3
494432369
-7
-8
0
-7
3
1518368329
2
911576448
9
3
-1910605789
0
-6
-7
-8
-3
9
-6
7
5
-1
-7
7
-8
-9
7
8
-5
-3
5
-7
-6
7
4
-9
-2
7
-7
3
-2142087095
2
1733981801
7
7
9
2
1894568435
2
40568578
2
1650439190
1
1793458819
2
2144208802
9
5
4
3
130445075
-2
-6
-5
-2
-3
2
-546476047
0
-9
0
-4
2
322438034
-4
-6
9
-9
-8
-2
-6
-2
2
1415389282
-5
4
3
2024646532
9
7
6
0
2
2138419009
5
-8
4
6
1
-814765368
0
-4
-1
-1
-5
-3
-3
0
5
5
3
613619296
9
9
8
0
6
0
6
2
60773584
2
1042634285
2
499672708
0
9
9
5
-9
-1
-1
-9
-6
-5
1
-1654185610
-1
8
8
-4
3
1273336482
-2
4
-7
2
831229452
5
2
-84314651
-9
9
1
-97946542
5
0
-2
0
-7
2
1220376780
-3
6
9
3
343647966
4
0
4
5
-5
4
6
-2
1
907481136
-8
-3
4
-2
-6
4
7
7
-4
0
3
1275931534
7
2
1438200522
0
4
8
6
3
902085092
6
9
9
6
4
2
678188004
9
7
6
5
7
-9
0
3
569333189
0
7
2
1241111720
-9
-8
4
7
-9
-1
2
535018524
-5
1
1991085085
-4
4
8
3
126201482
8
6
-2
-6
0
4
0
7
-3
-7
-2
-7
-4
3
375639926
4
1
1520955225
2
407691156
1
1390324061
2
121845762
5
9
3
1095630252
4
-1
2
1414314121
-2
0
0
4
7
4
4
-2
-9
0
5
-5
0
-9
-7
2
-1159885385
-8
-4
9
3
251615150
-4
-3
-3
0
-4
-5
-8
3
1465262497
2
314066675
9
8
2
336531824
3
898334047
3
695258468
5
-7
0
-3
4
-7
7
-1
8
7
-4
5
8
-5
-8
-3
4
0
-5
-8
0
-5
-3
9
2
1903686251
3
725740853
4
8
2
1115980516
3
57852333
6
3
1903979043
8
1
1198648780
5
4
6
6
-5
2
371576480
4
-8
7
-7
0
2
-164059068
4
0
-5
1
475244392
-7
0
3
-382923563
-2
-3
6
3
1183323402
5
-9
-2
0
7
-2
5
7
6
-2
-6
1
2118046205
0
2
1135261538
1
1033147185
9
9
6
3
1694220452
9
8
6
6
7
2
246554211
8
7
9
0
7
6
3
296689682
9
8
8
3
1384577509
3
1974612893
3
169313773
6
8
5
-5
-2
-8
-6
3
-1890281389
9
3
-2110409647
-9
3
1406827500
6
-5
-5
7
3
666926047
5
8
9
6
2
106602799
3
200759525
-3
-1
-4
2
1164821026
-6
4
4
1
-542945855
4
1
262278673
8
4
6
7
3
1566341840
8
1
37213673
8
2
539156492
1
538903138
5
9
-7
6
1
-18447896
-9
-5
0
9
-6
0
5
-5
-3
9
4
-6
4
-2
4
-4
-4
-5
-4
7
1
445439749
7
5
-8
-5
5
7
3
1958016780
4
0
1
117007229
1
781937711
6
2
2052506539
3
1236248689
1
277882432
2
800461878
4
7
4
4
8
9
1
915293191
6
0
0
8
8
4
5
0
6
-6
-5
-9
5
-2
-3
2
1966826727
-8
3
1248295833
7
3
881080920
0
1
1206625038
8
0
4
2
236266194
8
0
8
2
879724751
5
9
6
-7
9
0
0
0
-5
6
7
-3
-1
0
-8
-9
0
0
8
7
-1
-5
-8
3
69313929
1
1998377729
3
813559318
8
9
8
8
2
1144167350
9
4
3
1757655119
1
951181305
2
1119137960
2
1067174623
2
1774884133
3
718004403
0
1
1993401388
6
5
-9
-8
0
-8
8
-8
2
1665272546
3
709882935
-6
3
-720762255
6
8
-9
7
-1
2
-1369036450
4
1
-1357071399
6
-1
-4
-5
2
-1834028183
1
-1622890103
8
7
0
1
-899815557
-3
-9
4
-2
-4
-2
1
41061970
-8
-3
0
0
-6
4
-8
-4
6
5
-8
9
2
1512453617
-4
-6
0
0
-1
-9
-8
7
4
6
-7
3
-927822676
3
31736864
-4
-4
-3
9
8
2
-33405637
-3
2
-854022256
6
4
0
5
-4
-2
8
7
0
0
-5
0
5
5
3
675401690
1
1374035158
1
307167640
8
4
1
1463903012
4
6
0
1
1793642036
8
5
-3
9
-6
-4
-8
-5
4
9
-1
9
1
417767097
4
2
-974596571
6
2
1911857607
1
233067065
6
1
1072333124
9
7
4
0
4
9
0
4
9
4
8
4
9
1
1204579912
6
5
0
-8
2
901366086
-9
0
2
2084047868
0
8
1
924270858
-7
5
5
7
6
3
1411399565
5
-4
-6
9
4
0
0
1
655984905
5
-5
5
5
-2
9
6
5
-5
6
5
5
2
835505654
1
437754566
9
5
6
1
-2078309495
-1
2
-767619511
6
7
7
7
7
8
0
9
0
4
6
2
1556813998
7
9
0
6
9
0
9
3
2060658055
7
7
2
688853489
0
9
5
-3
3
643667819
0
2
1642139673
0
5
4
1
-1802379198
6
3
-1040502625
-3
-7
0
8
6
6
0
2
1395692343
3
1271498878
9
8
5
-7
9
0
-8
-5
-8
0
3
-373994006
-7
8
3
-1963262297
9
-2
-1
-7
-1
-1
5
-1
-4
0
-6
0
5
-4
0
-9
-6
8
6
2
1456357813
6
4
6
8
0
7
6
0
7
5
7
3
76525595
-8
-2
-4
5
8
-2
7
-1
-1
-5
-7
8
7
9
3
2133378953
4
9
5
-2
7
-2
5
-9
-6
2
227560777
0
1
1305672408
7
3
1396128610
5
3
480107159
-9
7
-3
-4
6
-6
3
1616369314
-4
5
0
-1
1
690693441
-2
-7
0
-6
1
-678477987
-4
-8
7
9
6
1
1711120706
6
8
5
5
6
5
1
487683178
5
6
-3
-1
3
216725045
7
2
1235724364
7
1
43992172
9
0
3
1902858790
9
0
2
393858239
9
0
1
280695619
0
1
948563375
8
6
2
532703040
7
4
1
427107088
7
7
5
-1
4
1
-1912447936
-9
-4
0
9
8
9
8
5
-2
-5
6
-5
6
2
-1338920964
5
8
-4
9
8
2
-1018815627
-1
3
1379140556
2
395994574
7
1
362424664
7
2
1146677411
0
5
0
-7
9
4
5
3
-1755096635
-4
8
-8
4
5
9
-3
8
6
-1
5
-1
3
-9209265
5
6
-3
9
6
9
8
2
232401654
8
2
1924888440
5
0
7
-1
-6
0
6
-9
0
3
107945743
5
8
-2
-8
7
-2
3
1158436358
7
0
0
0
8
5
-1
-8
9
-3
2
1024340095
7
-2
-5
-7
-4
2
580947969
6
6
8
0
0
3
916722620
9
7
3
1643072101
1
1558934832
1
1069109999
6
6
0
2
259587369
0
6
5
-6
8
-1
5
-9
0
-8
-6
0
7
4
4
2
874281031
0
4
5
5
5
-7
9
9
0
7
1
518211546
2
1165701602
1
1691693878
5
-1
5
-2
4
9
1
1900583086
1
724769897
3
986862677
9
1
1062158654
8
9
5
3
-577073814
8
-3
-8
-8
5
-2
-2
-8
9
6
-6
-3
4
9
1
1866962305
7
3
1211102275
6
2
1042774874
5
-3
-8
0
6
7
-8
9
7
-9
-4
-3
-1
-4
-9
0
-4
0
5
-3
7
-3
-7
-5
3
608896652
9
0
-3
7
6
-6
3
-1414749307
6
-4
-6
5
0
-7
4
1
-2025374988
-5
5
-1
7
4
4
4
-8
9
1
1663043136
7
4
6
6
3
625855691
6
6
4
3
1796772328
9
3
1395653097
0
7
3
1795706874
9
2
1100984545
0
4
2
67122246
8
1
815279050
3
1058103144
8
2
1425491269
4
8
2
160752827
7
1
729142891
2
33071201
0
6
8
2
1317574145
2
1826065146
6
6
4
6
1
881323606
3
1085658669
9
5
4
1
77973174
5
5
0
9
9
2
425009159
2
1139408849
1
1083826060
1
1785423935
7
4
1
1987212327
8
9
3
516661953
7
5
-7
9
-5
-6
-8
-2
-9
9
0
3
1483768968
6
3
-370912228
0
0
3
312344354
7
0
4
1
1711599936
0
1
1713677676
6
7
0
2
24789728
0
7
7
8
0
5
9
-2
-7
3
743723017
6
0
-7
6
-6
-7
-4
-9
5
8
0
4
-4
1
-895932421
-1
-4
2
-1497807455
3
1380770144
-2
-6
1
467469199
2
226365116
2
252631106
5
1
-506850568
9
-8
-8
1
-2014560617
0
-5
-7
5
-5
9
-5
-3
-4
-8
-2
-8
7
-5
7
5
8
0
6
7
0
4
6
4
0
-5
9
-9
7
2
18250960
7
1
454977314
3
169287629
2
1128584800
8
7
3
1959483075
2
1546910910
5
-7
5
-3
7
9
7
4
5
-1
-9
9
5
9
3
-1531557268
2
1488895462
9
2
1531309380
2
1103749970
3
2047169167
0
9
2
1259332407
4
1
1555000826
5
-4
-4
-4
-2
-8
0
6
4
1
1230422964
-2
7
-7
-2
-5
3
-1859634350
1
1051755924
4
5
-5
-5
-3
3
-2128051030
4
1
-1471884824
8
7
-2
-2
6
0
-2
3
1529958202
-6
7
1
448304629
3
1053563561
3
523946722
2
1336514334
8
2
817825150
5
-6
9
1
-1661853261
-8
9
-5
-7
-5
3
-765260531
-9
6
0
3
-1153488724
-8
-8
2
-402105116
5
3
1903270730
-9
5
0
-9
-3
-6
6
4
7
7
3
673599435
9
6
0
4
8
5
-5
4
9
-9
0
-8
7
8
3
457593263
-4
-8
-1
2
987855183
-1
4
2
1930068319
0
7
4
3
1467753108
8
1
1335317122
3
919987092
5
5
5
1
1503410811
6
0
5
4
-7
1
-1159646876
-8
0
4
9
9
6
4
3
1521204365
4
7
7
8
7
6
8
0
4
0
2
558300452
4
1
573624511
3
1580552785
6
9
9
4
9
6
4
5
8
-5
7
-6
3
-347113691
8
-1
3
1760794011
1
-1267498987
3
1817909709
3
-1852592976
4
-2
-2
-5
-9
-5
2
1420793367
0
8
2
-1303997724
8
-5
4
1
-223027438
-5
-5
-2
9
5
-7
-2
-7
3
2030833321
6
-6
9
0
-5
-8
5
0
-3
2
557362180
-4
-9
-1
-8
2
-315070033
3
-1683909747
5
9
9
5
8
6
0
7
3
1213344116
3
875690584
2
1582094037
2
644801099
1
1541670111
2
1202629743
6
2
2086161862
2
609802057
6
1
262314834
3
1497145480
5
-1
-7
-4
1
791211885
-4
-2
-5
6
8
2
1418623512
-8
-8
7
0
0
-5
6
-9
8
-6
5
8
0
-2
-2
4
1
1065314849
3
-1902586190
-9
4
2
-1299333897
0
-2
0
-4
2
-1883230540
-4
-5
0
2
248235857
7
7
2
1333674819
6
1
1511625322
9
4
2
1068789830
5
5
3
127038578
4
5
2
1520237001
0
-4
5
6
-8
-7
6
-3
6
1
1657820827
0
6
0
0
0
8
1
981918640
9
6
5
8
0
6
0
6
4
8
-5
1
694288025
0
-4
3
1807903357
-3
8
7
-2
-7
0
4
1
1735656861
3
639391276
3
220918592
4
9
3
2045740035
8
3
1805992187
0
0
8
5
6
5
-1
-8
1
1825010395
9
1
336674770
2
2076563383
6
0
5
0
5
8
0
5
5
8
8
5
0
-6
-9
5
-6
1
1367545164
4
4
6
2
1549432755
4
2
1929839964
9
0
3
1627822454
6
2
595688703
8
9
2
393238153
9
8
8
2
614016796
9
2
1963554263
2
341278103
0
5
-2
3
213087759
-5
0
4
2
563166627
6
-2
3
844063874
3
-721957131
-2
5
-4
6
-9
-5
2
-1914783118
-5
-2
-2
1
1335654922
5
0
0
4
-5
0
-7
9
3
1955228505
-2
9
-8
6
1
2033060960
6
6
6
6
3
308461221
3
1506258821
2
807423097
0
2
2119454291
5
-2
0
-2
-8
-6
7
-4
5
3
-1398140499
2
1332549458
5
0
4
7
-9
-8
0
0
6
7
1
2005676262
9
6
4
5
-3
-6
6
-3
-4
5
-9
7
1
1610525
-4
7
8
0
6
8
1
1487935107
5
5
-9
0
3
227990458
6
3
151306266
4
9
0
1
265966546
9
0
2
941967446
4
3
1091581288
0
3
1167409104
5
-4
7
-5
5
-9
8
0
7
5
-4
1
1197876418
9
-6
0
7
5
6
4
-2
-4
-7
5
3
2030251001
2
-779937126
-5
6
2
2129407274
1
1501553402
9
5
5
-5
3
1205650031
5
-8
7
0
6
1
1366637741
5
3
-1969925273
-5
8
0
8
2
1833765761
3
1583965492
1
1259463807
8
0
9
5
0
-4
-2
9
-3
-5
-1
-6
9
-4
-1
-7
-8
-9
9
9
9
6
1
831131566
7
5
8
1
513401548
-6
1
1709697397
2
547615787
8
-2
8
-7
-2
9
4
-9
6
-8
6
8
0
-6
9
2
975339016
3
2135109794
6
4
0
9
6
0
1
1042406950
4
1
1792474049
4
1
1881757754
3
348083110
1
369835545
1
1018336711
0
4
8
7
5
2
-1423796726
6
-7
2
-1035055214
-6
0
-7
-2
1
-549347757
3
1801237458
-4
4
8
4
-4
8
-8
2
427989630
-8
0
2
-1075534812
5
-7
-7
-7
-4
0
-5
-2
-4
-9
-4
-1
2
-442029088
7
8
9
1
1200653219
-9
3
2127072228
-1
5
-2
-4
-7
-7
2
171132228
2
1281085923
5
0
0
-2
-1
-1
8
9
-1
-6
3
182597727
3
544377811
9
5
-6
-3
6
-7
0
-5
4
4
9
-2
3
-2130380227
-2
-2
8
3
675433461
8
9
6
1
27985134
9
2
2047256327
1
1706402146
9
1
1270241112
6
8
3
345679616
2
2116974671
5
-6
0
-8
-1
-7
2
1642462509
-7
0
8
4
-1
2
988591473
2
-1140745827
-8
-1
4
9
8
-5
3
-1512007079
-1
-5
0
-9
4
0
4
0
-3
-2
-3
5
-2
-6
-9
9
8
-8
-4
-6
-7
-8
-3
9
-6
-1
-8
4
-7
-6
-8
-3
-4
-5
9
-4
-8
5
-9
-2
-5
-5
9
0
-3
-5
6
-1
-5
5
6
-3
-4
3
2085766932
0
9
6
1
-494520641
-2
3
1333452434
7
3
1650055065
2
675687103
9
9
4
0
0
3
69797788
7
2
531483091
7
7
2
1324986926
5
-3
8
3
988478746
6
-6
0
-7
9
-4
1
-233727379
3
126117290
-5
5
0
-1
3
-197701881
-4
1
-576902304
4
-3
-7
2
931240463
8
-6
-8
0
2
2079937682
0
2
1994406905
9
8
5
1
1927752257
-7
-7
-4
2
1585088174
7
-9
-2
-8
-1
9
-4
-9
-5
9
1
167540830
1
-583049512
4
1
242406543
4
6
7
1
1418147268
1
1089742770
0
1
513159027
0
3
242762959
6
3
1683722981
9
7
0
2
1122984911
9
4
5
2
-1106911390
-5
0
5
0
0
-5
0
8
5
1
-1215039658
-3
-1
6
-5
0
2
2030350528
7
3
394486996
0
1
1837769082
8
5
-9
8
9
-7
-1
-6
0
-9
-3
-2
6
-3
7
6
-8
6
-6
5
6
-2
7
1
1618954656
0
6
7
9
-9
6
-3
3
-1350582693
-3
2
783593092
5
-4
7
-5
8
-2
3
-216181088
0
4
9
5
5
-5
8
5
-1
-7
-4
9
7
7
6
4
5
-7
-2
1
-1820387252
-5
-4
-4
-9
0
0
4
2
182464471
3
318405174
5
0
0
4
-5
-9
-4
7
5
6
8
-4
-4
6
-1
-4
5
1
-520420690
0
4
9
-9
0
-3
8
4
0
1
2022601258
3
1759171443
0
9
5
-2
-3
-8
9
6
-3
-7
4
5
4
2
1246628339
2
-597994457
6
0
-6
-9
1
778141572
1
1686879072
0
7
1
2054332566
9
0
3
1582657539
8
3
921485524
4
6
0
4
4
7
2
427300221
7
3
1999184550
9
6
5
6
0
8
7
8
-7
6
6
4
4
2
-54016524
9
-9
-6
-5
-6
-4
-9
4
7
6
-2
0
5
3
124959746
3
262064814
9
-2
-9
1
-1714948116
-8
7
9
-1
-2
-2
-2
1
-1365856116
-7
0
8
-8
-9
-4
7
7
7
3
1876966623
7
1
28411894
5
2
1800987932
-1
6
2
-268626738
-1
3
1123667353
3
485930689
0
-2
5
-5
-7
2
454831464
-7
9
5
-2
6
2
-1325459318
7
7
-7
7
6
2
1270361227
8
4
1
1501785473
0
7
8
6
7
5
-1
5
-3
7
0
9
0
4
2
1062594324
9
3
450776566
1
358858765
3
995468066
9
9
1
924860965
3
994125627
4
9
9
0
4
0
0
2
1603113394
1
1202118821
9
3
2054976580
1
1640302017
5
-6
9
-2
-5
0
7
2
1287498700
0
2
-91220818
8
9
7
0
-7
-8
6
-9
2
-750724456
4
3
-1374877011
3
1771629769
2
-1446460426
5
-2
-7
7
5
-9
7
1
-1491149564
3
1059620772
1
1075455864
1
382662786
5
9
-3
8
-8
-4
9
-3
9
8
-2
-5
6
7
4
1
1801587439
0
4
4
2
594895689
7
3
949002400
1
1827649152
3
17961114
1
24182160
2
1845581401
4
5
9
-6
9
4
-1
6
-6
-2
9
8
2
-545244102
-3
1
-1119593618
-5
5
7
-3
4
6
-2
-4
3
360680315
5
0
-9
2
-1905158840
8
7
-2
-1
0
1
203849775
6
9
4
7
3
1734965078
4
9
5
-3
1
724125013
-7
5
-7
-3
2
-1267885643
0
6
2
1418371846
2
1286345
3
1524024367
0
8
2
698908427
3
333315700
0
5
4
-8
-8
6
7
-4
7
-5
5
-4
7
4
-7
-6
0
0
7
-7
1
902520185
6
2
1338777709
4
2
213314917
9
9
3
1537022496
5
-9
8
2
-1085822918
8
6
-2
-8
1
1886822694
8
-7
0
0
7
6
-8
-4
-7
-8
-9
0
8
0
0
5
-7
-5
-4
7
-1
-7
9
-6
-6
6
-2
-4
-1
6
7
-3
-1
-2
-5
3
-1196801260
5
-7
8
-9
3
-41631701
3
-1174950638
3
-610214212
1
1866467666
-3
-6
9
7
-9
-8
4
-7
-7
2
-1422451902
2
679302992
3
151882290
1
127613831
1
1137077438
5
-2
7
-6
2
1856569109
7
7
3
-305467194
-5
-8
-6
-8
-5
8
0
7
4
-9
4
-5
4
-5
-1
7
1
-1274769858
4
-4
6
9
3
952354829
0
9
4
0
9
5
8
-7
-2
5
1
-769232864
-3
4
5
-3
8
0
5
4
9
-4
0
4
1
1110375772
8
2
558434704
8
7
5
9
8
7
0
3
-438089759
5
-7
0
-1
-9
-3
6
-4
5
1
-1059346586
8
-4
-2
8
-1
-9
3
2072708546
8
4
9
8
5
2
-157023886
-5
-5
-6
-3
-9
-5
2
-1491277790
3
1003252363
4
-2
0
2
1532947640
2
755346331
7
0
1
571028941
8
7
9
7
6
4
9
5
1
1003562707
1
-20294012
-4
4
-3
-1
6
0
-4
2
-1097045054
-8
5
-4
0
1
1727894849
-3
-8
-2
-7
-3
8
0
-8
2
-1348666567
5
3
-125809014
-9
-3
-1
7
7
0
9
5
-3
9
-1
0
8
7
5
1
-1193377211
3
-344535106
-6
4
0
4
0
6
5
0
5
-3
-4
9
7
2
421967456
5
-6
-4
-4
2
776667036
-1
0
9
7
2
1882055406
1
1001951517
0
3
398099875
3
1237951841
4
9
5
-5
5
0
5
0
-6
3
900831326
3
1367163944
2
102281214
2
1987010606
4
1
225082543
5
-9
-1
8
-2
-6
-3
-6
-3
2
455938190
8
5
-4
-6
-4
9
4
9
-1
0
7
-4
7
-4
1
815234973
8
2
695179936
7
9
2
963453838
2
1247759118
9
6
6
6
6
4
3
1733568774
7
4
1
2024848671
8
9
7
7
2
520208950
8
5
5
1
1691863812
3
1663014315
5
5
0
9
8
7
6
0
9
8
6
2
927533797
4
2
2145354888
5
0
2
992093942
-5
-1
8
-5
8
1
1851190325
-5
3
-2044954966
4
-5
5
-9
7
-1
-1
-5
0
2
1902740775
-7
0
-6
-8
-7
5
-2
-3
8
-8
6
6
-1
5
-1
-6
7
-3
-3
6
-8
8
3
501335575
0
9
0
6
6
8
9
5
2
822589062
8
3
1940087621
7
2
-37219665
-1
0
-3
5
1
-2013641015
9
-1
7
4
-2
-8
5
8
6
7
5
-1
-9
-7
7
9
4
5
-1
-3
-2
-6
6
-1
-3
0
1
1516254051
9
8
8
8
6
0
3
324475216
4
0
4
9
1
1873596158
8
1
1066334885
6
3
1985393051
2
2013001483
4
0
9
7
4
5
-4
-8
5
3
743053493
1
2050933141
5
-7
4
2
-1071975225
-7
6
4
8
9
7
1
253208016
7
6
9
8
4
2
335599488
1
1293836569
2
1909660091
6
2
489922821
1
425011210
9
7
5
4
3
774559230
-2
6
-8
7
6
-1
-8
9
-6
-3
8
9
2
-784493601
-7
7
1
-3692803
-8
-7
5
7
-5
9
3
304669621
-8
9
6
1
753597637
-6
1
-1641150754
9
9
4
9
5
2
-683942842
-3
-7
-2
7
1
1074751778
5
6
6
2
-1826845811
-2
4
7
0
6
0
2
106558331
0
0
0
3
738851603
8
3
706991375
4
4
5
-5
2
1644243347
8
0
0
3
1248631371
-5
-9
-6
0
-8
6
-9
4
4
-5
-3
8
4
3
-1251861436
1
1928903710
3
387490700
2
482085516
7
4
9
4
8
5
-2
3
1415801329
-7
6
-6
1
-668677641
6
-8
-8
5
-4
-8
0
6
8
4
-4
6
-8
-8
-1
9
9
6
9
3
735323658
1
632741840
2
2110768634
4
2
1896383463
3
1575842518
1
1350662765
3
721748295
7
8
4
1
1742837160
8
7
6
2
160449374
7
7
9
7
3
930123248
2
1334364251
1
643615282
4
7
8
8
0
1
1654190917
3
582949769
2
91316901
6
3
1150908335
9
3
1052768105
9
2
653790949
3
558584139
6
3
67478608
9
3
78352050
2
840894835
2
171683608
2
1032526391
7
5
0
0
5
-1
-2
0
7
4
6
5
0
4
-4
0
-9
-8
7
5
7
-5
8
0
-8
-2
3
-1171543826
5
0
3
1008944983
-9
7
0
-2
0
7
4
5
-2
1
-81632738
3
-1260566884
2
708592136
-1
6
-7
-1
7
9
3
760373209
2
1253966087
8
7
7
9
4
4
2
620503871
1
364010306
8
0
8
4
1
74251299
2
578250707
4
3
403255841
5
0
8
4
8
0
-8
9
-9
-1
-7
-3
3
87923042
2
-2126220524
-6
-4
3
-644626638
7
1
-2088262976
0
-4
-4
-7
-5
4
0
-7
0
0
-2
0
3
352575843
3
2143065517
0
1
1454371575
6
2
141259524
3
1023077623
4
6
8
7
9
6
4
1
1475156971
4
6
3
1805863456
3
1961292887
5
6
-2
4
0
7
-2
6
-9
-3
-2
-4
2
27760054
7
2
1192294284
-3
2
2100539092
-7
-2
7
2
-1822285297
-4
-7
7
-8
3
252459097
-8
1
2047488622
-1
3
-1150178919
4
6
5
-3
-1
8
-8
-1
9
-2
-8
-4
-4
-1
3
1994898038
-7
0
0
-2
-6
-5
0
3
1258784035
6
6
3
2074980718
2
181813127
7
9
9
-1
-5
-5
4
2
-1752143872
8
6
0
7
8
7
8
7
6
3
1244857040
8
9
1
972391672
5
0
-6
7
-4
8
-6
-7
5
-9
-7
7
8
-8
6
-4
-2
9
1
734955
4
9
9
4
1
1581041071
1
1367745811
3
2110931106
9
2
1686509880
8
2
925778439
4
3
1265886527
6
5
2
1086345655
7
7
3
-818229774
-5
2
-694292869
-9
5
5
7
7
3
1653784964
4
4
4
9
2
1023341461
1
1726424558
8
9
9
9
2
1592241345
7
0
8
3
837397721
8
6
8
0
3
1453681684
9
7
6
8
0
2
362220562
7
8
1
472680731
9
4
1
1968987249
3
27583592
0
7
8
0
7
6
3
1285990468
7
9
9
7
4
3
644217048
1
1605677681
6
4
5
-9
7
3
-2041437366
-6
-2
0
0
9
1
106260189
-5
-8
-1
0
2
1527552823
9
-9
6
-7
-9
5
0
9
0
2
-1923081024
2
-1872945183
-6
-1
-3
-8
3
1479464476
-2
9
2
-675508519
6
7
-2
7
8
-8
8
7
5
1
931290164
8
2
1070618795
-2
-2
-6
1
-252376859
-4
3
815327413
-3
-4
6
-5
-2
4
-2
4
1
1993144985
1
-151424448
-7
3
1613913594
0
5
-5
3
1960948720
7
-4
6
3
-888934191
2
-675514832
-4
-2
3
1474978128
-1
2
-677052319
-9
9
0
-9
-1
9
4
4
-6
8
7
-4
-4
7
6
7
9
3
643887367
4
2
1837008484
5
6
7
-5
-1
-1
-7
0
-1
8
-9
4
1
-11385251
9
-6
6
7
-3
-6
0
7
6
9
9
-2
-8
-9
2
-1620343975
-6
4
-9
9
2
-944646564
7
-8
9
-7
9
3
2088692051
1
1954446837
1
1353628730
1
379492895
1
512947606
9
2
2106880216
3
231204445
1
1906271733
5
0
-9
6
8
9
5
-3
-6
-2
-9
-8
0
5
-4
-3
-5
-2
-9
-4
-8
7
8
7
0
9
2
1992710580
7
0
3
1851512001
7
3
1790196154
7
8
5
-3
-2
-7
-4
3
969364429
-9
-9
9
-3
-1
-9
9
4
-4
-6
-2
7
-9
3
176927360
4
-5
1
1257955147
8
3
550983506
9
1
1343844776
9
0
4
3
1832285064
0
1
379817489
9
1
225272565
5
-1
-7
7
-6
1
-1444439510
-6
8
-2
4
-3
1
1148351230
7
7
-9
1
1572137029
0
6
3
189281635
3
1131142435
5
3
454022588
-2
8
4
2
1947874756
-9
2
-851537480
-5
9
-3
6
0
1
-1657361662
-8
8
4
-2
8
-6
-1
-3
8
7
9
0
9
9
1
1140615163
6
7
0
3
21560024
3
1108688431
6
4
9
9
6
6
0
3
855224390
8
1
1182825695
4
1
1331646826
8
1
402201586
7
1
1454502475
6
2
447633990
5
-3
8
4
-1
1
816380124
0
6
2
-173403319
0
-7
9
6
-9
-3
8
-4
-5
4
-4
6
7
-8
6
-3
9
-2
-9
-4
7
7
8
7
-6
1
571684240
-2
8
2
-276202552
1
190047132
5
-5
3
1498915420
-9
-2
-1
6
-3
-2
6
-5
-4
8
-2
-7
7
0
-5
5
4
-7
6
6
4
-6
5
4
-4
2
-752784436
1
637122991
8
6
3
474750196
3
1216027419
5
7
-1
2
650856372
1
692226127
-2
-7
-8
-2
4
3
-1459994193
9
8
7
0
2
1200533181
0
1
865930064
4
2
38342368
2
2125939043
5
6
0
1
-1495263141
4
6
8
-8
1
-661022706
-8
7
4
3
453449451
-4
4
4
8
-9
5
8
2
1488356932
-7
-8
5
4
2
-759093289
-6
-5
4
3
514671227
5
3
1150536250
7
-4
-8
4
8
3
-668937954
5
7
-7
1
322282447
-7
7
1
-634711269
4
9
0
1
1985496433
7
7
6
7
5
5
-9
5
2
74217067
2
100213462
0
5
4
3
-1871831188
9
-8
3
1914898365
9
3
1948338759
2
2145663661
1
581226302
3
220215619
2
1654747586
6
5
7
2
-2136367638
7
-7
-6
-3
7
1
-2113334269
0
0
-4
-1
-8
-8
7
-2
2
-1598188713
4
0
4
6
3
2006255669
7
0
1
979712426
7
2
774021983
7
2
1423419314
6
6
2
1515368792
9
4
4
4
2
976272622
0
1
2132622043
1
283147566
9
1
514016031
7
4
2
913527524
7
3
1893239951
6
6
6
3
1610506548
0
1
809354086
4
3
920768695
8
9
1
381819362
4
2
1592557733
9
5
2
-395986684
2
-1782622422
5
9
4
-5
0
-5
2
1908269115
1
1850086994
3
467973928
7
4
3
1858281959
8
6
4
0
3
1189620862
7
0
0
6
2
404386800
3
326484857
2
1580413228
4
1
733469658
7
4
0
5
3
-663082053
-3
-5
4
2
-2072852763
2
137640029
3
1362963831
-7
-4
-8
0
-2
-9
4
8
-7
-7
-8
-9
-2
-4
6
-5
-6
-1
5
0
9
6
0
-6
-8
6
-3
-7
1
-277202001
-9
7
-6
4
-4
-6
4
2
-969398151
3
2067110578
2
1291217803
4
7
7
-5
2
-1201973651
2
1417662092
7
0
2
1328711630
4
0
4
8
5
8
9
3
108296030
2
-947160018
8
-1
5
2
-718628486
-1
8
0
2
1434921479
-9
-8
0
4
1
711371296
2
1628334732
9
1
1669663504
4
3
2081724808
2
1160159628
0
0
9
7
2
2002036096
3
1363492424
9
4
6
7
8
2
653307514
6
1
1345463854
0
4
0
4
6
1
1731994526
2
1045256537
1
1146282133
1
1785350989
3
1074131621
0
3
1980718634
8
8
0
8
2
2145635236
5
0
-8
-8
-2
-6
-6
-3
9
-6
4
4
1
-857915600
-4
0
-6
-8
-1
8
-2
4
6
4
1
173740617
2
-364896999
4
-5
-3
-9
-4
4
2
116645115
-5
-2
2
-1040162238
-1
8
-9
-5
4
-5
-3
-7
0
-4
-4
-1
1
-1168966647
4
-6
-2
-8
0
1
2070214117
-1
3
-323146684
4
1
2088256271
0
9
1
1529533845
4
2
2137174114
4
8
9
6
6
1
1227535257
3
689898085
4
2
88457705
7
6
9
7
1
1335550503
7
8
1
1461735823
1
934292720
5
4
0
8
0
-9
-9
-5
4
-8
4
3
526466198
-5
9
-6
-1
9
-8
4
3
1224985060
-3
-8
-9
-7
4
-2
2
-1035112719
7
-6
5
-5
9
2
287977677
0
-2
-4
0
-7
9
0
-1
4
5
6
-9
7
-7
0
2
461874787
3
1461384332
-4
1
-2072414703
9
7
3
212569802
1
803825821
8
2
1856692516
3
1275830140
3
669170034
5
-7
9
2
-2057519902
2
1908284421
6
-2
-4
7
8
-5
-7
-8
4
8
-1
-2
-6
-8
-5
-8
8
2
-1110911276
4
1
2078990991
9
9
3
668328448
8
9
0
8
0
4
9
3
2054389575
9
9
9
1
152868004
8
3
1876199677
1
404870483
4
9
4
1
657238635
5
-9
-8
9
0
-4
9
-4
-5
9
0
-7
-9
-4
8
0
-7
-9
-8
7
-9
-2
8
-3
-1
-4
0
2
-591567200
6
-9
-1
1
-756903130
-1
6
5
-4
5
2
1891110222
6
1
569084136
8
6
5
4
0
2
-458375234
6
1
-227137082
-5
8
6
2
432669083
0
8
8
6
0
4
5
7
6
6
-4
7
6
-7
-6
0
6
1
61235143
6
4
4
1
2016424046
2
-295499931
5
2
-1424445021
-5
-7
-5
7
-1
-1
-2
-6
9
0
-9
-2
-3
-4
-3
7
-6
-6
3
655041696
8
6
9
1
893520828
1
1206585273
2
1391529039
1
960162454
2
1196738307
8
9
2
1697634389
8
0
6
1
561012739
9
8
7
1
2035522327
6
3
634361733
2
1685186944
9
1
848928887
9
2
2055514161
1
1105647973
4
7
8
2
1193816545
7
4
7
5
0
0
7
-8
9
-3
4
0
-6
-2
7
0
-1
-9
-7
9
-7
4
-3
-9
0
0
-9
-5
9
-3
0
0
0
-6
9
-1
4
6
9
-6
5
-9
3
690325670
-8
-1
7
-1
-7
-9
-3
0
5
-8
8
0
-6
-1
2
-274841856
-1
-8
-7
-5
7
5
-6
-1
6
-3
-1
6
-8
5
1
-1555447203
-8
0
0
0
5
-7
9
2
1142318861
-4
3
-1528551156
0
8
0
6
8
1
1360018686
3
307494034
4
8
1
1651340300
1
593282814
3
556404375
0
1
1902480799
6
5
0
-9
-4
-9
-8
-6
2
919321033
-3
3
343900763
-6
7
-3
-7
4
9
-8
2
877698125
-1
8
-9
-2
1
-380143274
-7
-3
2
193547088
2
1452645776
6
1
856981954
1
295300493
0
2
1741455190
5
1
1426937943
-4
2
500663120
-4
-6
-3
3
1693871813
7
-6
0
-4
-2
3
-1677630081
0
-4
9
9
-6
-7
-1
9
8
0
-8
2
-79851034
9
3
-1989802115
0
4
-8
0
-9
5
2
2091035239
9
-8
4
5
-6
9
-6
7
0
0
7
1
1270763828
9
7
9
3
841677954
0
0
1
1699419156
0
6
7
4
9
3
693181033
5
-7
-5
2
1174231594
-8
7
-1
4
1
1170266908
6
0
-2
-1
-1
0
4
-4
-7
8
8
6
3
-1197298422
-4
5
5
0
4
5
5
0
0
4
3
727205069
2
260881976
7
6
8
0
3
583052788
5
3
-580843573
9
0
-7
1
-1282989495
-2
0
3
1959702366
-3
-4
-9
0
4
6
0
3
695902217
0
6
5
0
4
0
3
-746054364
8
7
8
5
-4
-1
-3
7
5
0
7
1
-199832779
-6
7
3
429836212
6
7
3
681143454
3
1973976799
1
1392530199
6
2
1454071886
5
7
3
-643528351
-7
-6
3
1098476812
-9
-4
-8
-2
-6
-2
0
-7
-5
-8
2
-1392308471
-5
1
1755972066
9
4
1
448701093
7
9
6
2
1980018887
8
1
1670067414
5
-6
7
2
-1182597977
-1
-1
-5
5
-8
-2
0
6
1
309419607
-4
-5
4
5
-3
0
-5
3
1661577752
7
0
-8
9
6
4
5
7
7
-4
0
-7
4
-3
-5
-8
6
4
2
649470983
8
0
4
2
1649013858
9
2
440249461
0
7
8
6
5
-3
-7
-1
8
-9
-8
0
9
2
1464111195
8
4
-6
4
3
2105471798
2
860299321
-5
5
9
5
3
1707419761
5
2
-2144143172
6
5
0
-7
-4
-8
5
-6
-6
1
-1306038074
7
4
1
1213444333
2
2020466410
7
2
1748979595
2
1813139553
7
2
695126415
5
-7
-8
-2
6
-6
-9
-2
0
5
4
8
8
7
-1
-2
5
-7
0
-4
0
2
973284415
5
7
-7
-6
9
9
1
189596543
1
325998825
4
2
1750634476
2
1000028731
5
-3
-7
9
7
7
0
6
-2
6
-3
7
-5
-2
-7
-7
8
5
-9
-3
-6
-1
0
3
1913565560
-9
0
3
-176059121
5
-7
-1
-8
2
877371536
7
-8
-1
-2
7
1
546608575
3
2008157871
0
6
1
79689247
4
3
512291564
1
116251686
6
1
222651890
9
0
0
2
1063949054
1
1096908152
8
4
2
1078147147
2
1907326012
1
2077532229
8
0
4
1
431312602
2
1984718402
9
7
8
4
8
4
2
105878161
4
1
1470108732
4
4
8
8
8
9
2
1347365810
6
6
5
-7
1
-1703484544
-6
-6
8
5
8
-6
-8
-3
-8
1
-1076642997
1
718475703
3
675722346
0
0
4
9
3
1144540823
0
3
138360718
3
697470028
2
182193000
5
-7
9
-6
-2
-6
2
-2055776350
-2
7
0
8
0
0
2
-719858746
5
0
-2
2
464047000
4
3
1891029276
7
-8
-7
-4
1
-1772132033
-5
-9
-9
1
2035706695
1
1450860485
6
8
2
773994560
1
1337044679
5
6
5
8
7
8
1
1135102180
4
0
0
3
533866821
6
6
4
9
4
6
0
9
3
534871453
7
0
9
6
9
1
1136663741
5
-5
-3
0
0
7
-4
6
1
-1881573342
7
0
6
7
9
8
-6
2
-841423637
1
-1064273307
7
9
0
-4
-8
0
0
-5
1
1784856544
0
0
8
0
0
5
-6
3
-1067034207
-5
-1
-2
-2
-6
-1
9
-4
5
-5
-1
-6
8
-5
-8
-4
1
-1405675839
6
-9
7
4
7
7
4
5
0
-7
9
5
-4
-3
-8
9
9
3
1927118669
2
1039728693
5
-8
2
-553940593
-8
-4
3
341720623
7
-6
3
1775363223
4
6
0
2
2139491898
7
6
2
1125505029
5
0
0
-8
-5
8
8
3
1888670649
3
1578749706
-3
3
-1321690302
-7
0
5
7
2
-183308507
-1
6
7
9
7
2
144035402
8
-8
-5
1
408365403
0
6
2
679322860
3
1481678528
4
5
8
5
9
-4
8
0
1
1219020971
0
7
3
1282686925
2
1028632613
2
1422015263
6
9
3
1394593244
1
1799906624
7
5
-4
0
-3
4
1
1344088738
6
-8
-3
9
-9
-2
-2
-2
6
4
4
4
8
7
-1
0
7
6
7
2
611486353
9
2
100218248
8
6
1
934762859
6
1
1413671050
1
1518365931
6
1
105372219
1
862474895
2
1314844958
5
8
-9
8
8
-9
0
-3
-7
-5
4
-5
6
-5
3
-1146787490
3
-413502121
-1
0
-8
5
-9
9
9
8
2
1331913956
-8
-2
8
7
-9
-6
7
0
0
4
7
-8
-2
-3
1
580377700
3
1822823473
2
337514655
5
-5
-9
-8
-7
6
6
1
-196769915
-7
-2
-2
6
-5
4
-8
5
-5
7
3
-310990347
-8
-4
-7
3
631359186
-6
-6
3
-1175851339
-4
-4
3
873398697
5
7
3
-891569101
6
-8
-7
9
3
517698494
4
-3
0
-4
-2
-2
-8
-4
2
1124028734
4
0
7
4
4
8
3
476650167
2
1787405032
0
8
5
2
-1460587482
5
9
0
-1
2
976792469
8
7
7
4
6
2
1891909307
6
3
285386483
3
475080897
4
7
1
244825975
1
1446371237
4
1
1769124535
0
7
2
1880231287
3
533854257
6
1
8314661
8
1
305267208
5
-4
-6
0
-9
5
4
8
4
2
-785999842
9
7
7
2
156308552
1
289412461
9
0
5
-2
-2
9
-2
1
-488132328
3
-698518799
-6
0
-5
8
-2
9
-5
0
5
4
-1
0
0
-5
0
0
-9
3
415795283
0
-6
0
-4
-3
-9
-8
1
1445545160
5
-5
8
-8
-3
-5
-8
9
1
254802632
1
2116577757
-5
7
5
-3
0
1
1028599220
-6
9
4
5
7
-5
-8
2
1874920585
0
-4
-9
1
1480196355
3
414806844
1
116326787
5
4
2
-1026584914
2
-1767726250
-3
4
4
9
1
-608910804
8
-8
4
0
6
3
526180555
2
737281312
0
7
1
334040345
5
-7
-5
-6
7
2
-1420523035
2
-951490655
7
-9
0
-1
3
-194309610
2
-758165126
-7
3
307206672
8
6
-4
-4
2
-2033508345
3
1458009157
2
2101790668
3
313885292
1
319365485
9
8
7
8
4
7
1
917650641
2
1772829223
1
1111900386
2
380144850
5
-7
1
-369464460
6
-4
7
-7
-1
1
-1633431913
4
4
-4
-1
4
-7
5
-9
7
6
-4
-4
-3
-7
5
-8
8
0
7
1
837945678
-5
-6
4
6
0
0
9
7
8
0
0
8
8
5
8
-5
5
-2
-8
-9
5
-4
-6
5
-2
-7
-3
4
8
3
291894750
1
851400891
7
1
722998354
0
0
4
7
0
0
8
7
9
5
-5
-9
-6
9
3
-712227121
6
6
-6
-2
-2
-2
6
-8
1
-1410015984
-7
-9
5
-7
5
-5
-8
1
1472528052
3
1989431498
7
8
1
38453758
4
5
9
-1
-1
4
-9
0
8
8
-3
8
9
2
126837248
7
9
3
329113256
9
6
1
206340540
9
1
1598585821
2
1853649453
9
4
6
6
6
0
3
1079826162
7
5
1
-954425363
3
563080296
1
1557360695
-6
0
-4
-3
-4
6
-4
-7
7
5
5
9
0
4
1
210500973
7
6
6
0
2
1168858899
3
539220964
1
406747551
4
8
7
9
2
818698276
9
2
1768178583
1
317723199
3
2042680947
2
619497763
6
2
1360190363
1
998484333
7
8
1
767622425
8
4
4
4
0
7
5
3
772481104
0
-7
-6
-5
-3
-2
-8
-9
-5
0
-4
-5
0
-9
-8
1
-343259979
-9
-3
-3
6
6
2
-1994056527
3
-1258652142
-5
8
8
-3
-4
8
8
-4
8
-6
-4
8
-2
9
1
-1710125496
0
9
0
9
5
1
-1631891005
-7
6
-2
-5
-5
8
0
-2
7
-2
2
-1489014597
-6
2
1939123094
-2
9
-5
-7
-4
5
1
-496648533
0
0
-5
4
0
-6
8
6
5
7
-8
1
-1791064680
-1
-8
4
1
-449169338
-4
-2
9
6
9
5
9
9
-3
8
0
-6
6
7
-2
2
190834218
-4
3
578297024
2
1603341682
9
8
6
6
2
802036917
8
3
274670087
6
4
3
1939359034
3
802181481
2
154826310
9
4
7
9
1
1535341766
0
4
7
2
1526585489
7
5
5
-9
5
-9
-2
3
174917433
1
1907314627
0
3
671325991
1
1981861629
7
3
592979642
2
806640021
9
4
2
1675620897
5
5
9
8
6
1
502001916
8
3
1521871300
2
1686093809
1
635041102
6
0
5
-3
-7
-5
7
1
-1648106600
5
6
0
5
-6
7
-9
3
1347384026
8
6
0
4
0
2
415591247
3
158029412
8
7
1
1611980255
8
0
5
5
5
5
0
8
4
6
5
3
-1829269106
2
1142654082
9
6
5
-7
-5
2
-1044212653
-9
-3
9
6
3
1241885391
9
8
5
9
-2
-7
3
-2095785001
-9
1
1345273085
0
-8
6
7
4
1
1547542548
4
1
719379766
1
2077210945
4
3
195996904
8
9
9
2
1582097062
1
2019161522
4
1
1078023129
1
778562254
4
8
0
1
438295943
8
5
-1
-1
-1
0
-6
-3
6
0
7
-6
-2
-5
0
1
-161326661
-2
-3
9
-1
1
-1531440605
8
-6
3
560417635
7
-1
-5
-2
-7
-1
1
-491123276
-6
4
2
242131093
-7
-5
0
5
1
-2005940531
3
-227502448
-9
1
2007730139
5
-7
1
84880208
-9
1
1248465607
-5
5
-2
-1
7
6
-4
-2
9
-5
3
986997665
1
327146907
6
4
8
4
3
397067724
7
6
2
97564327
4
2
238946463
5
2
-2022759485
0
8
-3
3
998724154
-5
3
359472043
-8
-5
-9
8
-9
-3
-7
-1
1
-725234429
-6
0
-5
4
0
-8
6
4
7
8
4
0
6
4
3
1413852497
2
974086745
2
492997949
1
926296602
2
535148422
1
38162194
5
7
9
-3
4
4
5
-9
8
0
9
-4
8
4
1
1552138672
8
8
9
4
3
611937911
0
0
3
1380003592
4
5
1
-1993313453
7
-8
-7
-2
1
92234482
3
-6262815
-9
-4
-7
1
-1030917278
4
8
3
856478033
7
-8
3
1973923480
5
1
-1208121069
9
-4
-2
4
9
5
6
4
-5
-7
4
-7
-8
1
1300575020
2
1396615032
5
-2
-4
-4
9
4
1
990415179
3
1228488651
5
-2
-3
-5
-2
-7
-3
6
4
-6
2
279299768
4
7
2
2113941698
7
2
1473651462
3
1025288024
8
2
846460016
7
7
4
2
649648249
6
2
538311350
1
974306642
6
3
1222988449
5
9
3
1015165322
9
5
6
-5
-4
-4
-3
2
708505130
9
6
1
1495761488
9
5
4
-7
-1
0
0
0
-2
-9
5
-5
7
7
2
-766302414
6
4
0
1
256400309
8
5
-5
-9
1
-379839816
4
-3
2
-1114934677
5
-3
8
1
148005287
6
-7
7
9
-2
5
0
2
-1442017491
0
-7
9
-8
-8
0
-2
8
9
1
2058695104
9
4
2
2049723426
1
1172866328
2
1798296965
6
8
4
7
1
977073437
8
2
2084048846
9
9
9
8
3
1781197640
7
4
2
2128104793
4
1
1766370416
0
0
3
998496222
8
6
3
1026850382
3
1505043239
3
14844850
6
4
7
4
6
6
5
2
-1558744491
-7
-2
-3
9
6
6
-4
-8
4
3
-1674363460
-1
8
-9
0
-5
8
5
2
748227724
-8
0
1
1427306845
9
-9
1
1900897122
-5
6
9
3
-1687215441
-1
5
2
-821410633
-9
-9
0
8
-1
-5
-8
5
-3
6
-3
6
5
1
-1447701470
0
-7
-9
8
3
1210472912
5
-5
-5
-1
-6
-8
-4
-6
0
7
8
7
6
4
7
7
3
1196186559
7
0
9
8
4
6
5
0
4
1
476667396
-8
-6
5
-5
0
9
8
-8
2
-605630317
8
2
1483131297
9
2
1533486811
7
0
6
8
7
4
8
4
9
5
0
9
0
4
-6
7
9
8
8
-9
-3
-8
2
-1887430856
5
-8
8
1
-863918999
4
-8
-3
5
6
3
1160913582
9
-2
8
-2
9
5
-8
0
-7
0
-9
-2
0
3
1736444834
4
7
9
0
8
9
9
0
7
0
9
0
7
9
8
1
1116424366
4
0
6
4
3
612884143
4
3
55372523
1
262641641
9
6
9
3
806146173
0
4
3
596770332
5
7
-9
-7
5
9
-4
0
8
0
1
173008942
4
0
8
6
5
-3
7
6
1
842015445
3
-327577394
8
6
2
-1678349722
0
7
7
8
5
-2
7
-5
-9
4
-4
-2
-5
-1
-7
-4
6
-8
4
5
-1
-8
-5
7
-2
-5
-5
-6
-1
3
-356318084
-6
7
3
653464587
6
5
1
122719976
4
-4
6
-3
0
0
-4
-9
0
-8
-4
0
8
-3
8
7
9
7
2
2019452322
1
1549544415
6
7
0
2
1389408677
5
7
-6
4
-3
-8
6
7
-3
-5
5
8
-4
6
-5
8
4
-4
6
9
4
2
1298999207
0
3
486570532
5
-2
6
1
-371736857
-9
6
-9
6
0
-3
6
-7
-2
9
-5
9
1
1387968233
1
1785846848
6
3
670411888
6
6
1
1669214427
4
8
0
6
1
1633995052
9
2
628363575
9
7
6
6
9
2
585589515
3
1922396323
4
4
6
9
5
0
5
7
0
5
8
4
-5
9
6
8
2
1172162779
2
1023823736
1
178624201
1
19140472
5
8
-2
5
-6
2
535145988
3
5947153
2
53601086
1
1929336389
4
2
78010215
6
4
1
772787847
6
6
2
293353169
1
1905011530
4
9
5
9
7
-9
-5
5
8
-2
7
-7
-8
8
2
1573509601
5
0
5
8
-2
4
7
7
5
4
-1
5
6
4
-6
7
7
8
7
9
8
8
2
52495328
7
6
9
0
3
169696838
2
381479996
2
868741774
6
2
226974715
2
1562089195
7
7
6
2
2121912281
4
8
9
3
69997448
8
3
1187017996
7
7
5
8
-4
2
1924021700
4
-8
8
-7
-7
5
-9
-3
9
0
0
-5
-9
-8
8
5
-9
-8
0
8
-3
0
6
3
1325587506
2
1814932968
8
7
1
506222763
0
4
9
1
415396578
3
933135870
2
1798583499
9
8
6
2
2084227234
2
1136586679
0
8
8
5
0
0
4
5
9
4
3
129325140
3
1767601305
0
1
161707886
7
2
390788007
6
5
-2
-2
2
397414179
-6
0
-6
5
5
6
1
781059997
6
9
6
7
0
6
7
0
8
5
5
-3
4
7
0
4
5
0
-1
-9
3
1898606979
1
1121555984
1
659360210
2
1257028676
9
2
281432923
6
6
4
0
4
7
4
0
8
1
1287369324
8
1
1655171675
3
811084179
7
5
2
-2002815698
-7
-1
9
1
1039452950
-1
-9
0
3
-1222863881
-8
9
-2
3
-1061895527
-9
6
5
8
-3
1
3902465
5
3
-28908201
6
3
-1988576787
0
8
3
930475327
0
6
2
248792516
5
-7
8
-3
4
2
-519839746
2
-1757963759
7
0
5
2
480225219
2
-1234979359
6
0
8
8
3
1743162582
9
5
0
-1
-6
-4
4
-4
-2
1
1095880654
0
-6
-8
7
9
4
7
9
9
1
1832696856
8
7
1
1820310236
5
2
-1609595519
4
-1
9
-3
-2
5
-9
0
-5
-4
5
2
6111865
6
2
759201301
3
359539769
3
1961307099
7
3
2120094710
7
1
1531331682
1
499736444
5
2
-1437926831
-2
-9
9
0
9
-2
-3
7
-2
-2
7
-5
-3
6
-9
-2
0
2
18870549
0
1
616983310
0
5
0
1
-1272437157
-6
9
-7
5
1
-252616769
-2
7
-1
-2
-5
1
622533893
2
1250775117
5
4
8
-6
1
-1833744747
9
-1
9
8
2
-1789735864
7
5
-5
-1
4
9
2
-1709088412
-5
-8
-1
5
3
618720476
1
556795068
8
5
-5
-8
-6
-4
-7
-9
2
1133640409
6
1
1315452178
1
578362837
3
1114163145
7
9
1
685120837
5
-8
-8
7
-8
-8
4
3
1453268201
4
6
-9
3
-1503157110
-4
-7
9
2
-1190368825
-1
-4
8
4
0
1
588990328
7
4
2
592416622
5
-1
-9
-1
-5
-6
0
-9
5
3
1434986080
-8
5
-8
-7
3
-888372507
1
2094624470
2
2099624595
2
1165878795
1
470423486
3
804947723
8
9
5
5
4
7
5
-4
-4
5
-1
-6
-6
1
215925691
8
3
974301091
6
8
8
8
9
8
5
5
1
1460841098
3
1303251854
3
501214949
0
6
3
890885261
9
6
5
-6
-2
-5
4
0
-9
-2
3
1786289036
-5
5
-7
1
-773305574
4
2
-864752064
5
5
8
4
8
8
5
5
1
752526458
2
690893044
0
3
416084580
5
7
-9
-1
-4
-1
0
-4
-7
2
247948896
5
-2
7
-8
0
-4
0
1
-1346273892
4
2
-1683618225
5
2
1655357329
5
-4
-3
1
261498250
8
2
1989035608
3
747925272
5
-5
-2
-2
-5
8
1
124611916
-9
-6
-1
4
5
6
-6
8
0
9
0
-7
7
-9
7
-8
8
9
1
1796175469
8
2
2099400493
4
7
7
5
3
-1804793385
7
3
806055124
6
-4
4
3
358955832
-4
8
5
2
922608090
2
-762266608
0
7
7
0
7
4
-3
3
-999880065
6
6
0
7
8
2
1648499935
8
5
7
6
-1
-8
1
-444833888
0
-3
5
7
8
0
1
-110274759
5
9
4
5
0
0
2
646815988
8
1
33259480
5
4
-9
-9
-4
-6
3
1296373578
-3
8
6
9
8
3
2088053206
5
1
-884174758
0
-2
7
-6
7
-9
9
5
-6
3
1840787987
-1
4
3
-218587138
1
1547739261
-7
7
7
0
8
9
5
-9
9
-7
-3
-1
1
-1301764040
9
-2
5
6
6
7
8
4
-7
-4
-4
-4
4
1
458506377
0
8
0
0
2
2095081680
5
9
1
-1198123571
0
-5
5
-2
3
902214780
0
-9
8
5
-4
2
-1785440228
7
0
-8
-6
5
-7
-1
-9
6
2
-914876148
1
-1586082503
0
6
5
0
-9
0
3
726213817
9
6
5
-4
-1
6
-5
-7
-2
2
61999552
5
-2
7
0
-3
-8
-6
-8
5
5
1
1679540999
6
4
9
3
1134473929
2
387882106
2
906228254
7
3
1148080234
8
1
2023885230
4
6
9
7
3
1988971164
7
2
192217452
8
6
5
3
-401528295
9
-7
0
0
4
5
-9
-2
8
-4
1
-1942167524
6
3
1645698273
3
1135940103
0
1
1661230258
1
1986603501
6
9
9
7
7
1
328275710
9
4
0
5
-7
8
6
-8
8
0
-9
2
-1902701226
4
0
-3
-4
2
914860267
-1
0
2
1290406544
-6
3
1399695258
4
2
2048588696
5
-8
-7
2
113099137
0
6
-8
6
1
-721849276
6
2
1670177267
4
-7
4
-4
-9
9
5
-2
7
0
9
-2
0
8
-8
-7
-5
-4
5
-2
-9
9
-3
0
1
-1423983796
0
6
-1
0
9
7
7
7
2
1478953348
3
482831461
5
-5
-1
0
1
-317758264
-4
-7
-1
-7
-4
-4
-8
-5
2
663267150
1
-801083010
-5
3
263989491
9
1
616056080
4
7
2
1263929827
6
1
977324943
2
2108013095
8
0
8
9
7
1
1580492890
6
9
7
3
104576077
5
3
189953240
-6
-4
0
7
-1
7
-1
1
1413710109
-6
0
3
346369311
8
7
2
1537002546
-2
-3
8
2
-1897378385
6
-1
-5
6
1
433984856
-2
-8
2
-1813015063
0
-5
-2
-8
2
1875463400
-1
8
-5
-2
2
763721920
7
5
6
1
1248621628
-4
-8
0
-1
-1
0
-8
3
-511691156
-5
-8
-9
-2
-1
2
299514659
3
609276658
9
-6
7
-3
0
3
-713471718
6
0
0
5
8
-9
5
-7
0
-2
8
4
6
5
8
2
-1384499711
0
-6
1
-1359563368
1
989573165
0
5
-4
-6
-3
8
-1
6
-8
-9
8
0
-5
1
1428638083
7
1
709011050
6
4
9
9
5
6
6
7
1
1061910001
0
9
-5
-7
-1
3
390261499
-1
-2
-5
4
0
2
-1676252847
7
0
9
0
6
4
2
1826951748
2
1580890493
5
7
1
-1502872684
-8
-1
-9
8
-7
2
1178106626
-4
1
542306709
9
5
-2
9
-6
7
0
9
-4
0
-9
-4
-8
0
-4
-6
1
77192366
0
4
4
0
5
4
9
-2
-4
-2
7
-2
4
-4
-7
0
-2
6
-5
3
31582748
-2
-3
7
6
3
218356649
2
1065012966
8
3
542341214
7
6
4
8
7
4
1
2058913199
6
5
9
-8
-2
-3
9
3
1436014578
6
-8
8
2
-1265312563
-4
-2
0
8
8
-3
-5
7
-9
1
-1790895239
-6
-8
-5
-7
6
-1
-4
-8
-3
-2
-4
-5
5
-5
5
-5
9
4
6
5
1
-287168333
1
-586356601
9
4
8
0
4
9
7
0
0
2
287407372
1
784140178
2
333646806
6
8
8
1
1325893344
7
0
3
779670008
0
5
0
7
-8
0
-8
-6
-5
-3
9
-4
8
7
3
1762396365
4
1
1281630201
-7
6
-6
-9
-5
-1
0
-2
9
-2
1
-626451202
-8
5
-3
-6
9
-8
-6
-8
-3
1
-1396109590
7
1
1393965806
1
-2026515366
2
-2004870470
-9
2
-798255472
-4
-2
6
2
305699450
0
0
-4
3
2010856186
4
-7
5
-2
1
1906879910
-2
-4
-8
-6
-4
-4
-8
-9
0
6
7
0
9
-2
6
-6
-1
-7
6
1
837270502
-1
0
-8
-4
7
8
9
-4
3
321310265
9
8
9
0
0
0
2
1537408515
4
4
3
1218442207
8
9
7
8
0
7
8
4
5
5
-1
2
1514579906
3
705173061
3
1920325091
7
1
766102115
2
1567675361
7
7
5
0
0
-9
5
8
-1
-2
-9
3
1194885332
5
-4
-6
-2
0
1
727823320
1
1073648650
7
8
4
3
1921197506
6
5
1
225157802
2
966704504
-6
3
190292184
8
-8
-5
-8
7
8
-4
-8
5
-4
-8
9
-5
1
701223365
7
0
-2
0
-6
0
2
-957591945
-9
0
6
4
1
1443026892
5
-5
-9
6
-8
-9
-6
4
-6
-5
0
0
-3
9
1
-1702083790
3
-1129567984
5
-8
-9
6
4
-4
-2
8
3
-207765461
-5
-8
-9
0
-2
-9
6
-3
-1
6
6
9
1
1673050634
8
1
1868434086
3
1820338703
2
1385385424
2
397238888
7
5
2
-594705547
-1
8
9
6
-5
-6
9
-3
7
-4
7
-7
6
8
-8
-5
-5
1
-71866280
0
0
8
-8
6
-7
1
1362384278
2
-1283541904
4
-4
-8
7
6
7
2
588623130
0
1
465568816
0
2
1406516530
6
6
8
7
7
0
3
595522370
4
0
1
1814262677
0
7
8
2
1360002602
5
-6
-1
2
-1031397096
-8
7
0
5
-8
0
8
0
-5
5
9
4
-7
-9
-8
-8
8
9
1
1284429855
0
2
1777192066
2
1398046324
4
8
0
6
8
9
8
9
3
2051601104
4
5
6
-4
3
1751994028
-3
-7
2
-1265683381
-6
-3
7
9
-4
0
-7
-4
6
7
-2
0
1
-344801953
-8
6
1
-1880167556
-6
5
