4
0
3
894581267
5
-2
-5
0
0
-2
3
2144549367
1
1508117283
4
4
0
5
-1
4
0
0
-5
0
-1
3
-435491823
-1
5
0
1
99126760
1
1096052376
-3
-1
1
-1501169844
5
0
0
-3
5
-2
-2
4
1
863832377
0
3
334224158
3
444945917
3
1457219022
2
1725287451
2
1869019913
1
116696353
4
2
799959443
5
0
-2
2
-110817941
-1
5
0
-5
1
-942156223
1
101821111
5
0
-2
-5
-2
4
-2
-1
5
-1
3
-1688450922
2
-1180847253
0
3
719839071
3
620209409
5
-3
2
1041936719
-3
-5
2
-927721368
-1
-2
-1
1
1351031390
2
562418763
1
941156614
3
1620714951
1
1451326918
5
0
-2
2
1703160419
-4
2
-304550667
3
-325003878
0
-4
0
4
3
-1139454794
0
4
3
-423029217
2
856658101
3
1787937773
2
789106944
4
0
1
1459334304
0
1
785628819
1
876891322
5
5
0
1
1681251564
2
765729107
3
1492727843
1
430260002
2
2011412442
4
5
2
1247163126
5
2
-104698375
0
2
1497912228
1
1487455743
3
1133298640
2
581515861
5
-2
0
-5
0
1
-423279603
3
670621727
2
357989338
-3
-3
2
1205862271
0
2
1190984574
4
4
2
414932784
0
1
1555471342
4
4
1
1854257235
5
-4
-1
1
-354555568
4
4
-3
-5
5
4
4
5
1
311467242
2
698188714
4
5
-5
5
-1
-4
4
4
4
3
1438919606
3
783621128
1
2044147513
5
0
-3
0
2
-1684655669
2
-1541124021
-2
0
1
-1842622190
-2
2
1108815960
5
-4
-5
-1
-3
1
-85764453
1
-928345009
1
1855982073
1
-1522547798
3
-179225494
3
1327168062
4
2
271270194
1
1681234510
2
744669989
4
5
-5
-4
0
4
-3
2
-1360224171
-2
0
1
499442175
-5
0
2
314486689
-1
1
1035135372
-1
-2
-2
-1
3
501426586
4
1
1670760315
5
-3
0
-3
-1
-3
5
-1
-3
-3
-5
1
-1899674969
0
1
305949720
3
843732859
1
1390553
5
1
1805380547
-1
-1
0
2
1406445894
-5
5
-3
3
-1613371552
3
892045555
5
0
-4
0
-4
0
-3
0
5
1
-1170260377
0
0
-3
5
-5
-5
4
5
-2
3
1169295421
3
1028293306
0
3
99133943
2
2095111844
5
0
-1
4
3
1805694257
0
2
-1835232832
4
0
0
4
2
384332047
2
2054833121
3
483448862
0
4
5
1
604001375
-4
-4
-2
-2
-1
1
-307718178
-3
0
0
2
-606456176
4
-5
5
-2
4
-4
-1
1
-1861514374
4
0
-5
-2
-1
5
-1
-2
5
0
-3
5
-1
0
0
0
0
1
112922566
1
1125266510
3
1008667703
5
2
-766027239
4
-1
4
-2
2
-1566572752
5
-1
0
2
415761891
0
-3
3
290177815
1
680421308
5
0
-5
-1
2
-717157038
-4
4
-5
1
1955597291
1
1299873404
1
1204225915
0
0
3
834890707
2
512576831
1
1611372492
1
668532728
3
1930647907
3
350380341
2
263789565
4
5
0
-3
0
3
2042855218
-5
2
-1576077676
1
-743580958
2
536550619
3
-1135741202
0
-3
0
-1
0
1
-823609417
0
5
5
-1
0
0
0
2
1794894703
1
328804524
0
4
4
5
4
2
-1675154214
-4
3
1573381170
0
3
882688951
-4
2
-1479909691
1
1121135772
2
1735223234
1
457087080
2
2099209935
0
4
1
1342985859
5
5
-4
2
1663400985
5
-1
-3
2
-1055808278
0
3
2009833797
2
1864804569
0
0
2
1721821153
4
1
239955159
4
5
5
0
5
-3
5
-3
-3
1
779105821
1
1013199457
1
783013446
1
2120456802
3
684217680
1
1185338960
1
1852186545
3
1728117095
4
0
1
1676100312
5
4
4
0
0
4
-3
-5
-4
-1
0
5
4
2
321511866
1
1176210081
-4
-1
0
-5
-3
-2
3
965881379
4
5
1
-381140160
-2
0
-1
-2
-5
5
0
0
0
4
0
-2
-2
4
2
481971421
4
4
4
2
1983861304
3
1769360992
3
1842000233
1
394621833
5
0
-1
4
3
1196709183
-1
3
490569246
2
2078683890
-5
3
-323508804
3
845856380
-4
-1
-4
-5
-4
-4
-1
0
4
2
1008626236
2
211937010
0
0
0
3
2038083656
1
31987989
1
1988134471
3
1703697402
4
4
0
2
1086136223
4
2
809529540
0
3
573485207
5
-4
0
-5
-5
0
-1
5
3
2081003792
2
975792645
4
0
-3
0
2
1234546601
2
1916084022
1
702482360
0
1
1528897044
5
-2
-3
-5
-4
-2
4
0
5
5
5
4
4
3
867386259
1
1247765163
1
1817101821
5
-5
0
-1
2
1840244270
-2
5
2
-1384633012
-5
-5
0
3
-726769134
2
1227563146
1
827784205
5
0
-1
5
-1
-4
-4
2
562354812
4
2
231066517
4
0
0
5
4
3
-1139635062
0
-5
-5
3
119540514
2
770356488
2
619434193
3
923400658
2
1611619831
4
4
3
153000262
5
-4
3
-934552587
-2
4
3
-1984640063
2
-600446149
3
-1571694036
4
1
-1061713208
0
-4
0
4
1
-188623685
3
214184904
3
967757101
1
1041405654
2
1034448686
3
1885476341
2
1230160106
5
-1
1
121778885
-2
-2
-5
-1
4
-1
4
-2
-2
0
-2
3
1263763779
5
1
-102185013
4
-4
0
3
-1683774240
-5
0
3
-1313174251
-3
2
-930060569
-3
-5
0
2
956177718
3
971052568
3
1060244180
5
2
-1149779217
1
616609326
-4
-1
5
-4
-5
3
-466703811
4
-3
-3
0
2
518595006
1
1393119760
3
59809523
1
281169380
0
5
-5
0
-2
4
-2
3
854061982
0
3
-91343891
2
783224448
2
-45722563
-3
4
4
-1
1
170810012
3
76157734
1
1625331271
0
3
503675641
5
4
3
865107260
-4
-4
0
0
-1
-2
5
1
-104788674
-5
-4
0
0
1
2074589266
0
-2
5
3
-1554551179
3
-440532917
-4
-3
1
-322363999
5
0
4
-2
-2
-3
0
-2
-3
-2
0
1
1725032008
5
-5
0
2
-347581912
3
1634597119
-4
2
-1235180344
1
-1492960377
1
970648556
2
493549483
4
2
25600343
5
-1
-3
4
2
-1286231365
-5
2
-308481792
4
5
3
1401246105
3
-216294436
-5
-5
-3
-1
5
-2
4
1
-547603286
-3
0
0
1
-1562931487
4
1
235947178
0
2
1235540847
4
0
2
1770795573
4
1
1800889515
0
1
1294218827
1
1346945165
2
721251209
5
0
0
-3
-5
5
0
-2
3
-539986445
-2
2
1974500746
4
3
2140014641
0
4
1
517108765
3
1861251202
1
1111904764
1
1235835562
4
5
-2
4
2
-1545572588
0
-1
3
-1283812233
-5
3
-861306006
-4
-1
5
0
3
-1104847085
1
1226709887
-4
3
-1712690417
1
-1555446065
4
0
0
4
2
638982437
1
318774784
1
263731039
1
1773691219
2
217835717
2
1350712667
2
827619290
5
-1
-4
-2
1
-1013151432
-1
1
611842990
2
200561124
0
4
-4
3
-649341672
2
-721466
3
-1721201703
-1
0
-2
4
0
-2
1
-661329934
1
-649169723
3
1420362733
0
0
1
2094305193
3
1400137918
3
984813248
0
5
0
0
4
-4
1
-53996056
3
-1963854741
0
3
823440309
0
0
5
3
1074472770
0
-4
1
-1519638064
0
5
-3
-4
-3
4
-2
0
5
4
-2
0
2
-1662931538
5
-5
2
-75216008
3
2079400092
0
1
845163597
3
176054380
5
-2
-2
3
-994555896
-5
5
-5
3
-670089360
-4
0
2
1190708842
1
569023590
5
-5
1
3572801
-3
-3
-5
0
0
1
-684126518
5
3
614875107
4
3
-894298377
-2
-1
5
0
-5
2
-670416276
-5
-3
-2
3
1264990418
2
1358091360
4
1
702119394
0
3
316802790
1
459425264
0
2
1635736759
4
0
0
1
471081480
4
2
1212533539
4
4
3
1919950802
5
-3
4
-2
2
-736014835
0
2
-265360214
5
-5
-1
-5
-3
2
-479665725
5
1
-657022022
-1
3
1536284556
4
-3
4
4
2
1668617370
2
429637126
4
5
-4
2
-1665215273
-3
-2
-1
0
5
-2
1
440645004
3
1541283160
0
-3
-4
1
810056556
4
4
0
2
35032658
3
682616076
2
803908954
2
2109385679
0
4
3
1636574870
3
533072018
5
-3
-4
-1
-1
-5
4
-1
0
-4
-4
-5
1
1146042373
0
-4
-4
-3
-4
4
0
-1
0
5
-4
0
4
-3
-4
-5
-2
0
0
4
4
-4
0
-5
-5
-5
0
-3
-4
-4
-4
1
-587760842
2
1642967888
0
1
266224663
1
1411851334
3
148733236
2
1937822882
5
-4
-4
-2
0
-3
-4
2
-937380080
4
-4
-4
-1
-5
-2
2
-1067773925
-2
0
4
-2
3
1048140203
3
-1360033887
5
-3
-2
1
1370458652
2
1088396172
4
0
-1
2
8143217
-2
3
-1305168506
3
401163776
-3
5
1
1677142606
-1
-5
0
0
-2
4
-2
-1
-2
-3
3
578859135
0
-1
0
3
428535501
0
5
-4
0
1
2126504840
5
3
-1884296573
0
-4
4
5
0
3
1723966683
5
-4
-2
-1
-1
0
4
3
789288614
1
575681260
1
1635524569
5
2
1792159984
4
2
-261055288
0
4
-4
2
-596571248
0
-5
1
730355401
1
34169187
3
1213031547
4
3
845647759
4
2
767070877
3
1086107278
1
1058420394
3
2000215056
3
59424448
2
80964404
3
725877590
1
1732348140
1
1525978658
0
1
1467419549
4
2
1900927525
1
751651605
2
406024914
1
1812123184
4
1
431710413
1
401360049
4
5
5
-3
4
3
331882414
2
643629239
0
5
1
768817239
-5
2
687546661
-3
-3
-4
4
3
1101455243
3
903653215
0
2
1561830125
5
0
3
-1698342977
-1
2
341545504
-2
-1
-4
3
-674240715
4
-2
2
-37652274
4
-2
2
223771740
2
1677160981
2
1748593824
3
956905588
3
1281635176
1
1127180011
5
0
5
5
0
4
4
5
-2
-1
-5
2
1917349432
3
1042544701
3
2069185052
1
695363732
1
1734232165
2
1584090939
1
199453241
0
3
1672424824
3
2116617321
1
170965626
2
788347735
5
1
-958115802
-2
-2
-1
0
4
-2
1
-1880110287
3
-327483183
3
-1024157432
0
4
-3
3
-1860348104
2
-397859626
-4
0
1
-827779776
4
-1
3
705553028
5
-3
5
-5
0
0
4
3
2121081358
5
-1
4
1
-1314156128
5
0
3
-1629807844
-5
-4
3
1748573766
0
5
2
1432071365
1
-316231478
-1
-2
0
3
-1213621614
1
707832689
0
4
0
2
1236729324
0
0
4
5
2
-1021956196
0
-3
-2
1
1384833988
-3
4
-5
-1
3
450674049
-2
4
1
790295355
4
-3
0
5
0
3
-986256489
2
-936222632
-5
-2
-5
4
-4
-5
-5
-1
-3
4
-3
-2
0
0
-1
5
2
-269461744
2
-1654131361
4
4
-4
3
-655220484
5
2
2121044185
2
1560098381
0
0
3
-867567995
1
263315999
3
1244649266
5
0
-1
2
-1859417492
-4
1
524436074
3
1297950379
0
-4
-1
1
2107235162
0
0
3
1995051146
2
1291909480
5
-3
-2
-5
0
-2
3
-1084028466
3
-262303176
-4
-4
0
0
-3
-3
2
-1515621047
0
1
1172888641
-1
0
3
1019255522
3
905999635
5
5
-5
3
1100733162
2
248114733
3
1587530608
5
4
1
-121545039
2
1023492572
1
-1419901549
-3
3
1742939178
5
0
0
-5
0
1
-23252961
-5
0
-3
1
1332312428
0
4
0
4
2
912648399
4
1
1027670205
0
1
1615695071
5
1
2050364097
0
-1
-2
2
-1967865710
1
2133703245
-1
-2
4
-5
0
0
2
132808981
-3
-4
-5
-5
-1
3
1793881466
5
-4
-5
-1
3
297232099
2
-1446465739
5
2
-1560208529
2
392362650
-2
3
-2126052947
3
1497085552
0
0
0
0
3
1747313750
0
0
1
537665675
0
1
648971538
3
1494180354
3
2143478506
2
20756879
0
5
0
0
-4
5
3
1389166402
-1
5
-3
5
5
3
260704345
1
1189432579
5
4
2
373519997
0
3
322151602
5
-3
0
3
1892504979
-3
0
5
1
1201514715
0
2
-1924309338
-5
-5
4
4
2
1176186368
5
2
1910240353
4
3
504863443
0
4
4
-3
5
5
0
0
0
1
1904292894
3
1830552751
1
623339313
2
1047359563
3
1824583926
1
958371510
2
1982881465
5
5
0
3
225695840
2
1251337876
5
0
4
1
-503872906
-3
1
682507684
4
5
3
-235117285
2
-2026972632
-1
5
-1
0
2
382205467
-4
-5
1
1116344712
5
0
2
-166897196
-3
-2
4
-1
-2
2
778432666
0
1
1811449874
1
255311859
5
-5
3
683043674
0
2
-2015179238
-3
0
-1
5
-3
4
-1
1
1323139087
0
-1
-5
-2
0
3
928062532
1
1101655113
3
1615305151
2
1760766504
3
1614498694
1
1494402438
1
1246155754
4
5
-1
1
1992979883
0
1
1770988837
-2
1
1207056208
-4
-4
-3
-5
-3
1
1878132224
-4
-2
-2
5
0
4
-1
1
1525207945
1
-1565521649
0
-5
-2
-4
0
-5
1
-1750821558
2
-1885540240
-5
-5
2
1610727922
3
1100337007
1
518805812
4
0
4
0
0
2
1969320992
4
2
297891118
4
0
4
5
-3
3
-535718520
0
-1
5
1
-684668389
-2
5
-1
-2
1
646614510
0
4
0
5
3
79077158
-3
-5
0
2
1834199478
-5
2
698255939
1
397625539
2
881373618
5
3
1242763401
2
1708852110
5
5
4
3
1668437573
1
471132522
5
-5
-4
1
1115288324
-1
5
0
3
1129658528
-3
0
5
4
3
373928323
0
-5
-5
4
4
4
0
1
435496807
3
345750978
0
5
3
1085501708
0
0
0
-2
-1
1
2017123537
4
-2
4
-4
5
0
-4
-3
0
4
-3
-1
5
3
2087867903
0
3
-227918503
0
-5
-3
5
-4
4
-1
-3
-2
2
278420955
0
-2
1
1698802078
5
3
1735458464
0
2
-1209992262
3
-57592322
3
1353400856
3
410512854
0
3
1296066269
3
684796626
2
1284890573
3
1834193095
3
2116382179
0
0
4
3
353224344
4
3
2014665644
2
1475278654
0
1
441232500
4
4
3
832895854
5
1
-1050739840
-4
-4
5
4
3
644136599
1
-1146825591
2
259319649
1
1303773807
1
293846938
2
1606699785
3
792707832
3
2146447157
0
5
3
-848450457
0
0
2
1629445141
2
665291327
5
4
0
3
425758269
-1
2
-753488103
-5
-4
1
2107175128
5
-4
-4
4
1
1289498782
-2
5
2
431394965
-5
-1
1
-1924006811
2
1943143136
3
1676947188
1
1312002660
3
332803470
0
5
-5
-5
-2
-4
4
3
-217838297
-5
-5
-5
-1
-1
1
-1887584413
-2
4
4
1
270852726
3
1728087553
2
806008489
1
1062176586
1
1893469280
3
723631362
0
3
1950091445
2
769665430
4
5
3
854390312
5
1
1928782377
-4
2
308772962
5
5
0
5
-3
2
1182326911
1
1949008247
5
-3
1
1968285790
-1
-3
0
1
961155542
4
4
3
1202956325
5
-1
-1
0
3
-1721410049
3
1203423027
5
-2
-1
-5
-2
4
3
1009540211
4
1
1774410781
5
1
-403043986
0
0
-3
0
-4
-4
-5
1
2093178210
0
2
1019464810
3
115752156
0
0
5
-5
0
-5
-5
-1
1
407319989
3
1932727716
-1
-3
-4
-1
-1
-2
0
4
4
1
523768448
0
4
0
5
4
0
-2
3
-1650907855
1
545425057
-2
-1
-4
5
-3
-2
5
0
4
4
4
5
-2
2
-492050792
-2
-2
1
1717040097
1
2083255133
0
1
1789188540
5
-2
-5
0
-4
-5
0
1
1880600498
-2
4
0
4
0
4
1
1855728931
4
2
739916548
0
3
2127114196
5
2
-217647920
-2
1
2126748614
0
1
793885732
-3
-2
3
-2018457540
4
-2
-4
3
2009085315
3
-490700406
1
-1698343604
1
-612315654
3
103344210
5
-4
0
0
0
0
2
159897901
-1
-2
-4
4
-2
0
-2
-3
-4
3
-436541619
-5
-3
5
-5
5
-4
-5
0
2
687212287
3
242710927
1
1443800148
0
1
389012319
0
1
1651101974
5
4
-5
3
-852603561
5
2
-34758719
2
1197081908
5
-5
-2
1
1430317664
4
2
1307007000
5
-3
-3
-2
-4
1
434056375
0
-5
5
-4
4
-2
-5
4
-4
-3
4
-1
0
2
1120060941
3
1258458739
5
1
-304245928
2
1465818363
1
-242559021
-1
-5
0
0
-2
4
-2
3
106270159
1
1222257271
4
2
751797356
4
1
92659232
3
560286664
3
766521404
0
5
-4
-2
4
0
1
-283575632
1
1083011740
-2
-3
3
-1138577810
0
0
-5
5
2
1820362432
0
-3
-1
-4
3
-461832997
-5
-1
0
-4
1
-807522287
0
-1
0
4
5
-5
0
1
-701686189
-3
-2
-2
-3
4
4
-1
5
3
1391072649
1
1071957920
0
4
0
-1
-2
-3
1
380152151
3
420409242
0
2
438585672
5
5
-5
3
1064139177
4
0
0
5
5
0
1
738956545
0
0
2
1844014631
4
4
2
595141312
0
0
5
1
-1197951500
3
2125801734
3
612570486
-4
4
5
-1
4
0
-2
2
-198133143
-5
-3
-5
3
96557111
5
-2
-3
-4
-1
4
-4
1
1963128007
4
-1
2
474182337
0
3
732713793
3
468583211
5
2
-1688574901
2
740239659
-4
5
5
0
3
515911455
3
765901661
3
215521420
4
1
215224849
0
5
-4
-2
-2
-2
-2
0
5
-5
-2
-3
-5
4
0
0
2
15074413
4
0
1
2139088080
2
1357379673
1
194836901
4
4
4
5
0
3
-1755507011
1
87272748
1
1063967171
1
-922097674
2
1283206484
1
-514240309
2
1880272359
-4
-1
5
-1
1
1409607345
4
2
-715844611
-1
1
1650881302
1
-1507030395
-5
-3
-2
5
4
2
-1500931192
-4
-1
3
-443780834
4
2
-1756560130
0
4
-4
4
0
5
1
1997311392
-5
5
-1
-2
0
3
940039237
5
1
958635123
5
2
1458773774
0
1
812846139
1
892535018
4
5
3
1611191109
0
-5
-5
3
-133548749
-2
3
1454882748
2
1265261261
5
2
-1159625090
-1
5
0
2
-1998329251
2
2025088543
2
890047513
2
150311535
4
3
409506574
1
324649655
5
2
-109199351
-1
-1
-1
-3
-5
-4
5
1
2084914922
3
1017241807
1
1318232931
4
5
5
-4
5
-2
4
1
1691255838
5
0
-3
-4
-5
4
2
216108697
2
896179211
1
664185200
3
762540806
0
0
5
-2
-5
4
2
-384357042
-2
0
3
-522610021
5
-5
-5
2
-1816511474
-1
-5
5
5
-2
0
1
1589899914
0
1
1052633485
4
5
-5
-5
0
2
1912593558
1
-570678582
5
2
423606075
1
-1027840207
3
270473423
-2
2
1014444268
3
1083600488
0
4
2
1026775152
3
239391748
3
1779839843
3
1383503883
5
-2
-2
-2
0
2
-2047644099
-5
0
-5
1
1701515102
2
-1983720031
2
-1122758507
-3
2
1400617469
-5
0
0
-1
5
-1
4
3
1961170004
-1
2
-1657065753
3
-353844635
0
5
2
1100703176
5
2
-1443306451
5
2
-850748384
3
695674646
0
2
1703306948
1
1919986605
1
426110030
0
1
1035552225
2
1609260901
3
1312806772
0
3
1935719615
1
526999828
0
0
2
1396379413
0
4
1
484444760
1
1568320034
3
472618909
1
1912280115
2
1449043760
4
3
1875153790
5
0
-3
3
-928265627
-3
3
391154679
2
-1061600024
-3
-3
2
-1050963368
2
624738206
4
-3
5
-1
0
-4
4
-4
-5
4
-5
-1
-2
4
-1
-3
-5
0
1
-1680912530
5
1
-1371478135
-1
-5
0
2
-138799045
5
4
-5
1
-658119069
1
-555456712
-4
5
0
1
-13482541
-2
-3
-3
2
89119192
1
1250229862
5
-4
0
4
-1
-5
-5
5
2
-786241049
0
-3
3
-362018863
-5
3
184789509
0
0
1
32794169
2
2134780877
2
1826233900
4
4
0
1
466291020
3
2057810638
4
2
640085617
3
1718186249
0
4
0
4
4
0
3
1728613224
4
4
3
675268241
2
582578456
4
5
-3
-2
1
-731197444
-1
-3
4
4
0
2
-1577628731
3
-547280923
-3
-2
2
1706195258
0
1
-1747641312
0
-4
-1
-3
4
-3
5
0
5
2
733561547
1
392554466
0
3
264548097
2
1224226658
3
1827106793
2
419617537
3
1054967961
5
5
-5
3
279559028
5
-2
4
-2
5
0
-5
3
1402844851
4
5
5
0
3
429431584
3
1715039081
4
2
1746726547
2
170285646
2
1830060592
0
4
1
1037844144
2
396667407
4
3
726491785
0
2
103800929
5
3
218103681
-2
1
1465807584
-4
4
-4
-4
5
-3
0
-3
-3
2
990725475
-1
2
-173844960
-3
5
4
-2
0
-3
-3
0
2
944307874
3
-888972668
-4
3
187727489
4
1
353408666
0
1
1998631622
1
109842874
0
3
1909581926
5
1
353906051
1
-1796092409
2
-2000712432
-3
-5
1
49504110
-2
3
2086628415
-2
-4
-3
4
-5
2
1601379182
1
-1382788795
1
1590040577
-2
2
922328885
5
0
0
0
2
589039403
0
-5
-2
3
-1875786022
-3
-4
-4
0
-5
-4
-4
2
1720513060
-1
5
2
-1040302293
-4
2
1340951480
1
637222964
-1
-3
0
-1
-2
0
0
-3
-4
0
4
0
0
-1
3
1407416719
0
0
1
1631883098
2
723439141
5
4
0
0
-3
4
2
1411114475
-2
-2
2
666331118
-3
-4
3
-427434413
1
823627250
-1
2
1601940482
-1
-1
3
-1327269508
-3
3
-265340825
0
1
-1962699293
4
2
1445308691
4
1
488047767
2
1480078963
0
5
5
-1
2
1794573736
0
1
1247965956
4
0
2
1255196503
5
2
-1080601138
0
3
-1473122001
-4
4
-2
2
387529126
-2
1
1077436270
4
4
2
1942910498
1
1211355351
2
981681662
5
1
1893503933
1
389389261
-3
-3
0
-5
4
2
2056738475
-5
5
5
-3
1
397884289
0
3
1742317192
1
442321289
3
1490412605
3
1348617739
3
187035175
4
2
1516383343
1
275453791
1
170720252
3
1027611268
5
-4
-3
0
0
-4
-5
5
3
-803548200
2
2039372391
5
1
865127284
1
-2102459033
-2
3
309928305
2
1098958440
5
-5
-1
-2
-1
0
1
-494243191
1
-660515486
-4
3
1763685746
5
0
2
-1855469895
0
5
1
663076115
0
-2
-3
1
467549548
2
436222279
0
2
489988982
4
3
38953884
2
497854191
2
1121362671
1
1179649318
4
4
0
1
656395865
3
330973355
0
3
60046590
4
3
196764581
3
2044409223
0
2
966342585
1
697499550
0
1
1660136170
1
48007670
4
4
4
2
136980118
2
660421912
0
0
0
5
4
-4
-5
3
653969436
2
-1776148973
0
1
-2119868137
0
-2
-4
4
1
-1153832422
0
3
-850812553
0
4
-4
3
-435771947
0
-1
-1
1
-262392137
2
-1805122437
1
1580973991
-3
0
5
5
-1
4
2
1232570220
0
0
0
0
0
4
3
1138302287
2
1570273200
1
1551715153
3
807907523
4
0
5
-1
5
-3
-4
0
1
1359889250
2
1837766911
4
2
1643764433
5
4
2
922963577
0
-2
0
-5
-5
0
4
5
3
327800913
-1
5
4
3
210533250
5
-3
-5
1
1157084014
3
443574665
0
3
1343718563
4
5
0
-1
0
-3
4
-3
-3
3
-1749640606
-1
0
4
0
3
1826601147
4
4
2
1986362265
1
1605946699
0
4
4
5
-1
-1
-5
4
3
25991849
0
2
-2083757939
-5
1
814707548
0
2
-20484018
4
1
138021884
-2
0
1
-870477719
5
-4
3
-2078791923
0
-5
-4
-3
0
4
0
0
5
3
-171065265
3
1798007243
3
726592420
-2
-4
-3
-2
4
4
3
1050494108
5
0
-3
-2
-1
-3
-1
-4
4
0
-2
0
-5
4
5
-4
0
-1
0
-1
-4
1
1524756190
-4
3
1072412015
-2
0
2
1886569208
4
5
0
4
4
4
3
-2042126385
-4
2
-1637560615
-4
5
4
-4
0
1
1321794839
-5
0
3
1033940185
-5
-4
3
829852913
5
0
5
-3
4
1
2143608285
3
589656782
1
1591922146
5
-4
-1
4
-5
-1
0
0
-3
1
1244830085
2
1346929056
3
2012329731
3
1978842274
1
298732034
0
1
1464611919
5
-3
-5
0
-5
-5
0
5
4
-2
-5
1
774992412
-1
5
2
2030409453
-3
3
765724312
3
-1230956149
3
969146798
0
5
4
-1
4
-3
5
5
-1
4
4
1
200327171
2
178035742
5
-3
1
810180786
-2
2
2015922389
1
-862094111
0
4
5
-4
-5
1
460234070
0
4
0
0
-1
4
1
967875042
5
-4
-5
-1
1
-2129831090
3
-2073428594
1
966424123
-5
0
5
0
-1
2
1890319437
1
-1167052110
0
-5
2
-907133606
3
-1792875862
0
3
499268715
2
2020846103
4
2
1257257279
2
548939974
0
5
-2
-1
5
5
1
973136882
0
3
48228293
3
453710233
4
0
4
5
0
0
2
1958270418
3
1547557176
4
1
2097871359
4
-3
0
5
2
1450962331
-5
-4
-3
3
-94433123
1
-565298758
4
-4
3
-1025380412
2
1117599932
2
2077658606
3
1427837737
0
0
3
1669393816
0
2
1277766899
1
1735808850
3
1894711662
1
1565375949
2
1337894717
1
1244898732
5
0
2
-481396114
3
1705220510
-2
0
-5
2
-1665257235
-3
4
2
1439540737
-1
1
97309548
1
885839667
-4
1
-1144676249
5
0
3
1657346482
-3
-3
-4
3
1487555758
-3
-5
3
224946196
2
-231001057
2
65349774
-2
2
-837049266
1
-1988049174
1
1114411264
3
826055115
2
1678660263
4
2
1864892865
0
2
110234233
5
4
-3
-4
0
0
-1
0
-5
3
-429065343
4
-4
5
-4
4
4
-1
-4
-4
-1
5
-4
-3
0
0
-2
5
2
1063213710
-1
1
-2112254104
-1
3
1013336783
0
3
1699509446
2
1047131955
1
1846081405
3
1771254280
5
-1
0
-5
5
0
2
1905345578
-4
1
2011579977
0
4
0
3
1625964297
4
4
3
1628239145
5
1
196736953
4
3
191343032
3
-1080297490
-2
2
649124770
3
580292237
-5
5
0
-3
0
-1
2
-365583814
-3
0
4
-2
-4
5
-2
2
1381085970
3
-766266815
2
-2144692278
-3
0
-4
-5
-1
1
2112295340
1
1359177086
4
3
1012510764
1
1908270861
5
-3
0
-4
-2
3
488930360
5
0
3
-1585721730
-1
1
1934399770
2
2039179592
3
767179128
4
5
2
849731876
-2
0
4
-3
-2
0
2
-725826624
-4
1
793446806
0
5
4
4
1
-862737254
-4
1
-397475445
1
-1412548971
5
0
-1
-3
0
-5
-2
1
75242444
-5
-1
1
1934235831
2
177540774
4
4
1
1097904632
3
1101655057
2
714996621
3
1103066284
4
2
784664900
2
1410085869
2
703598681
3
1647832239
0
2
1813520706
2
514250223
4
5
2
-1691530053
2
-257496194
-4
-2
1
-1251922945
3
-664167865
0
0
-3
5
-4
-5
2
846742745
-3
3
-1347548501
5
-1
-2
0
1
1611655069
3
809810880
-1
5
3
-402819344
1
-1388441481
0
-5
-1
2
-1506528054
5
-2
3
-143693350
-3
5
-3
-4
0
5
-4
5
1
-1683219071
2
871958401
3
1150074756
5
3
-754379520
3
639311911
-1
-3
-3
2
719367026
4
3
1125644674
4
2
1627502316
4
3
394447904
3
374022409
3
690338078
0
3
18377017
4
1
790763448
0
3
967006562
5
2
247286457
-1
-4
3
1979793624
-1
-3
-2
5
5
2
1911882582
0
1
522430165
3
1303250686
5
2
-1063722295
-5
2
65404516
2
-1211133762
-3
3
244679016
0
4
5
-2
3
-1061026278
3
-1809353981
-5
1
2067741853
5
4
4
-3
2
333399684
-2
3
-1020063663
-2
1
1687949529
0
2
1824563663
5
4
0
0
-2
0
2
-1522631233
-2
4
1
7337229
4
0
-5
3
1685649116
5
-2
-5
5
-3
0
5
2
634647753
-3
2
1441770245
3
1693593568
4
5
-4
3
-1320269695
4
4
3
-1907652069
3
-268580985
3
1791631323
5
3
-693709371
-4
4
2
851735294
1
-1926655754
4
5
1
-2077470626
-4
0
2
771288773
0
1
-1096844373
-3
5
5
-2
3
272772769
5
2
-1979650423
-3
0
4
4
3
1225553528
2
1622305328
4
5
1
-81273608
3
306509552
3
-1013633551
-4
1
789718964
4
5
4
-3
-1
-1
-2
-2
1
1993386528
4
0
-3
4
4
2
254574764
1
1183543782
5
-1
-2
5
0
0
0
0
3
876623479
5
-1
-1
-3
-2
-1
0
2
1710704418
0
4
4
1
603614668
0
3
1817837955
3
132666505
2
619605758
4
5
-2
-5
2
458886803
0
4
0
5
-3
0
5
-4
0
-2
4
4
4
1
2084062425
3
712469716
4
1
525349989
2
1747646635
3
1392274839
0
0
3
59597321
3
1644279923
0
2
1736432674
3
1960789665
3
326307435
2
1083592088
5
4
-5
3
-324072384
-3
-1
5
-2
-3
-5
4
-1
-4
-2
1
448676813
3
352235990
5
-2
-4
-1
-1
-2
3
-440293485
-1
1
1864013579
-5
3
1789695666
2
1928576764
5
-3
4
0
-5
5
-2
4
-1
-4
0
1
1408505009
2
761547315
3
1004092654
4
3
37546188
5
3
648154343
1
1494246646
0
5
0
0
4
4
3
-1034118077
4
2
1134294532
2
1656857995
1
2091483075
1
718546747
2
328736371
0
1
1930940615
1
868907947
1
1581904801
5
-5
1
1293540070
3
-2118281454
0
3
-352698150
5
-1
-3
5
-4
-4
4
4
4
5
-1
2
-1548941680
1
1771518986
-3
5
-4
-3
0
-3
-5
1
1276693129
1
4290308
4
5
-5
5
0
0
3
727150603
3
886515717
5
3
-876558266
-4
3
561801165
1
1167230789
1
763621940
1
849521470
0
0
1
1726863923
0
5
4
0
3
1339680049
2
1524195312
0
-1
5
-5
-1
4
-4
1
-1181549999
-5
0
3
725652305
3
545786960
0
2
414769075
0
2
1730276793
2
2145212608
1
330338279
2
1327714530
5
-4
0
1
1375242951
-4
1
-448379881
1
-591343044
-1
3
-1876196098
4
2
-1680681066
-5
0
3
2104702121
0
1
1913170410
-4
0
2
519498803
3
890266658
5
-5
0
-3
1
1405362279
-1
1
-2077602221
-2
-5
-4
2
90650958
-5
0
5
4
-3
0
5
4
-1
4
-5
0
5
0
0
-2
-3
-4
0
0
5
4
4
-2
2
1287474479
4
1
1195503029
1
287255042
4
2
823570675
0
2
1138991922
3
64536515
0
3
366632081
4
2
894379027
2
415109316
1
929838086
0
2
1786637907
4
0
3
1240029595
2
324040172
1
1805854824
3
253099111
4
5
0
5
0
1
816756647
4
0
3
1382698127
4
2
1502716793
5
0
1
605500668
5
1
-985803244
5
4
5
3
-1459101693
1
1748168598
3
1616822680
4
0
3
821535019
5
-2
-5
-2
1
-1722754827
1
-1035842266
2
1541057764
2
1984874672
1
1182201627
5
-3
5
1
1152523444
5
-5
-5
-4
1
1702633598
2
1809085835
5
0
4
0
-4
2
-127946223
0
1
566516404
5
0
0
-1
3
1670235096
2
-1154094277
-5
3
-1399030238
1
504687602
3
1043712480
3
1233360954
4
5
0
3
255789131
2
362880242
0
-5
2
690246723
-5
2
-331839786
1
10791726
-5
-4
1
514562553
5
-1
0
2
1587287427
2
-1217127360
-2
-5
5
2
-1665806565
-3
3
-1470317405
5
-2
-4
5
0
1
760275071
1
376125252
5
1
-1137473337
-3
0
0
4
3
1714469352
4
2
469228400
2
110024228
2
209656845
1
395832957
1
1190613564
0
5
1
-816596400
-5
-4
-2
3
-883324358
1
-467053504
-4
-2
3
-1839958801
-3
-2
4
1
1604986317
0
2
-1107819220
0
1
1001826295
4
3
977151155
0
0
3
1062161584
0
5
5
2
2062549839
4
2
1381685000
5
0
-4
5
5
5
-4
3
260069625
4
5
4
-5
1
-1160039831
2
1341157215
1
2011485004
3
1979992175
1
753101536
5
1
2135100175
3
-290678824
2
-273535318
-4
5
4
5
-4
3
879220054
4
1
1003165948
0
1
2020529854
1
1457054806
1
213089553
1
901518413
0
2
1418532616
2
1394123240
1
1532303251
0
3
1516615512
1
1515946722
2
1134711067
0
3
869624559
1
487800006
2
295600620
4
0
1
1364012161
5
-5
1
-2021403604
2
-1662242637
-2
-2
-4
0
5
-2
0
2
383719699
0
4
-4
-4
4
-1
5
3
577736136
2
1842447034
-2
-5
0
1
-1442349618
0
-1
3
1500165158
4
4
4
4
0
1
1265688816
5
-5
2
-1400412742
0
-4
-3
5
5
1
672721668
3
820442997
4
0
2
195063862
1
1027021745
2
1160181444
0
0
3
899720685
1
1273832030
4
2
229514410
0
2
1849527106
5
-4
2
-931438230
-5
-5
-5
-1
3
-538700861
4
-5
3
-1381257764
1
-299588243
2
-1242011076
-1
0
3
314941034
0
5
0
-3
1
-799088581
-4
-2
2
1010440199
-2
1
-431088592
0
-1
-2
0
1
283968764
2
1386905392
2
964291697
0
5
-3
-4
0
1
1362960690
2
1757983598
3
-2110086519
3
1240803242
-1
4
4
0
0
1
-1691004729
3
1530387254
-4
2
-790700485
2
347140981
1
476612715
3
1042266306
0
5
-3
0
2
1466889545
1
224650763
1
-308725788
-2
0
-3
2
-695902171
4
1
-240463307
2
-889724450
3
-2105557182
5
1
-1029779949
-3
-5
0
1
629799494
-3
1
-170840252
-2
2
-2076144289
-5
1
691530925
4
-2
-1
5
3
1873811601
3
-613776962
4
0
0
3
-98884139
-3
-5
5
-1
-2
1
-419376115
0
0
5
-4
0
3
-1477990418
0
-5
-3
5
1
1956381487
1
1765434641
-5
-4
0
-2
2
1466116105
2
1828018998
2
2135869145
1
1018115081
2
625141281
3
846389305
2
2087890730
4
3
1778662537
2
816980794
5
-4
-5
-4
5
1
548355035
-2
0
0
4
0
0
2
87140374
1
1053851853
3
829085540
0
5
0
2
-273638037
5
-5
0
1
1418006089
3
896982555
2
955627425
1
225748529
2
1025186779
2
2001152582
1
1140887287
5
-4
5
0
3
614601670
1
1631453992
2
646995301
2
1541476870
4
0
5
0
-5
-3
3
1858610289
5
5
-2
3
1795252781
4
4
5
0
5
0
2
384947162
0
1
164046653
2
300471953
1
1766274584
4
1
1824039264
4
5
-1
0
-1
4
-2
4
4
-2
3
-358386044
1
1593939014
0
0
-2
1
1837848203
0
3
1530629906
0
2
2088743915
1
20854823
5
0
5
2
622224187
3
1211015853
4
3
1766372244
4
4
3
633303081
0
2
1183068568
5
-3
3
-1011349248
-1
-4
0
-4
0
-3
4
3
-1576970450
0
-3
0
2
1388291395
5
3
-483607872
-3
-4
-1
-2
0
-2
0
-1
-1
-3
5
3
-891546277
1
1774364306
4
5
-1
-1
-4
-1
5
3
1323108967
0
-2
-3
0
0
5
2
876461796
3
-999566221
5
2
1076496170
-5
5
4
3
852759960
-3
4
2
2104319614
2
557495200
2
107381910
5
-4
5
1
-342829331
0
1
1065367235
3
1230214681
4
0
5
-4
4
1
-1874537452
3
250627552
-2
0
2
-859406576
4
0
3
528956377
1
882470397
1
408190180
2
597011772
2
820583715
3
1263627247
0
0
2
94300506
4
2
174814039
0
5
-1
-5
1
-229163095
5
0
-1
4
1
1560393670
1
488207880
1
387390718
0
1
1911911266
5
5
-3
3
738651611
4
3
1323671389
0
5
2
-2100730415
-1
4
-2
5
2
-210384390
3
1274330416
0
5
0
0
5
-2
-4
-1
0
3
1473576881
0
0
5
1
-444476826
4
2
1726222934
-5
-5
2
-1698080476
5
-2
0
-1
5
3
-2075615142
5
1
-1644303621
2
1875089265
4
1
1637775785
1
1475458855
2
1929928522
1
468269503
1
1485787168
5
-4
2
1603592584
0
-2
1
-1979869851
-1
1
-147516596
-1
5
-2
0
4
-5
-2
0
-2
2
173159024
-5
-4
-4
0
4
3
971428126
1
2025791183
3
1452284910
2
1112550484
0
3
715347327
0
3
1792220251
1
2060314488
3
2134324890
0
1
244250858
3
1848712968
4
1
1857037411
4
1
1881880552
4
0
5
1
-2086617321
3
-1475289751
1
975844678
-2
-1
2
-289250923
0
4
-1
-2
-4
2
-531775270
-1
0
5
-2
4
2
1560533476
2
853941950
5
3
1672516184
-1
4
0
-5
2
1514364986
2
771043618
1
1403959724
4
2
1414981275
0
5
3
1652029753
1
343284738
0
0
3
1632392226
4
1
547317705
0
-2
2
-36293535
-4
5
4
1
201391933
-2
2
-595666782
0
4
-3
3
-824270400
3
683875124
5
4
0
4
-5
-1
3
570907013
3
1303375310
4
-3
-2
-4
5
5
1
1374067162
1
1909979510
4
2
2077917525
1
1901907560
1
1103057682
2
1962400295
4
0
0
5
1
844301491
5
-4
5
-4
0
3
2087370019
1
502080990
3
8412272
5
1
-1585252246
1
1234685098
-1
-1
4
1
-1818062775
5
5
-5
0
3
1462430599
4
1
1463304339
4
0
2
1287868764
1
2030401374
0
0
4
4
3
1100391923
0
2
835658459
3
1380914112
3
1426093325
0
4
3
1320240263
0
3
2078847839
2
535887446
1
1375199511
5
0
-2
-4
-2
-4
-1
5
-4
-5
-3
0
5
0
-2
-4
-3
4
5
0
5
-5
3
1241283387
5
-3
-4
0
-2
3
1755726067
5
5
1
1214630621
2
1992973938
2
1101498093
5
4
-1
1
-346685472
2
1497669330
2
435692105
0
0
1
395112420
4
5
0
-3
-4
0
-2
5
5
2
852503580
2
891022693
2
648364984
3
1344677016
2
138407389
4
1
1429512065
4
1
1653146815
3
1464126186
2
956652220
5
4
0
-2
0
0
-4
0
0
-3
-5
-1
-3
5
-1
-2
3
902831386
5
0
2
-1751929835
0
5
-5
1
-1996643301
1
1196383306
0
5
-2
-1
4
5
-5
2
-2015768015
-2
3
1181195472
1
140815376
1
734580374
0
5
-1
-2
2
-944738519
0
5
-4
5
-1
-2
4
5
-1
-4
2
-475881222
2
1439800753
4
5
-2
0
3
-1981277726
-3
3
485880365
2
278614121
4
1
1010292034
0
4
3
1216824721
2
217307469
1
993391968
5
-4
-2
-1
0
5
0
4
-2
4
1
126516592
4
0
3
168389178
1
415464138
5
-5
0
3
-1453832111
0
-1
4
2
370486907
1
-2084611806
0
4
4
5
3
-1280152667
1
1816997733
4
-4
5
0
-5
-4
4
1
-1761712206
-2
3
69353927
2
1259130946
0
5
-5
4
1
-373043581
5
-2
4
4
5
-3
-4
-2
-5
5
2
1504013355
-2
5
1
1987966829
-4
-1
3
570040768
0
1
489707031
3
552655025
4
4
1
948120683
0
4
1
1955865512
3
1072760861
0
3
229538863
1
456287866
5
0
-4
-2
-2
-1
-1
-4
5
0
-1
-5
-5
-4
0
-3
4
0
5
-4
0
4
5
-4
-3
-1
5
2
-2026387570
0
2
792726706
3
1253244415
3
1883821595
5
-2
0
-2
-2
-5
0
-1
4
5
3
-301086723
-2
0
-3
0
0
3
-1600085576
4
5
-3
-3
0
-1
-1
5
4
0
-2
4
4
0
3
1035875951
4
2
729017941
0
0
3
1978911221
2
1812895431
2
713394295
4
1
731687628
3
221468490
3
2130654673
5
1
-608813031
4
0
-2
-2
1
181533416
1
-228684106
-5
-4
-1
2
-169815255
2
898069588
3
699956227
-1
3
1250614022
-2
3
607978184
-5
3
570107274
4
2
1280064329
5
0
2
-1066207312
-1
3
-1503540499
-4
0
3
-561081196
4
-1
-2
3
542668274
3
-588802632
-5
4
2
242765836
4
-2
-1
4
4
0
-3
-5
3
1381246070
4
5
-5
-4
0
1
-490810213
4
-3
0
0
-2
0
0
1
-1687208637
-1
0
-2
1
1610317956
-2
-1
-1
-5
-5
0
-4
4
5
-2
-4
-5
3
1325773407
-2
-3
-5
2
1285341408
5
0
-3
-2
0
0
-4
-1
0
0
3
1240375365
4
4
3
1831025528
1
1819000428
3
833731296
1
161203027
4
5
0
3
1991650659
-3
0
-3
-1
-5
5
-2
2
1109434384
0
3
-1323003050
3
-321329540
-1
2
359987433
4
4
2
690789681
0
2
1080117934
5
4
-1
3
1027503708
0
5
-3
4
0
-4
-3
-2
0
3
1103131371
4
2
1447109800
5
0
-2
0
1
797909779
-5
5
-3
4
-2
5
-4
-2
1
-330690874
2
111536724
3
1706890503
5
5
-4
2
1684538259
3
1576470102
5
5
-1
5
5
-1
0
3
1638216657
1
1509830947
2
966137408
3
2031356367
1
1277561508
4
0
4
4
4
3
1249854245
1
600298805
1
640353108
0
3
455548674
5
-4
-4
-1
-2
2
-1733680315
-5
0
3
227858514
3
1894957283
3
755745069
-4
-3
5
2
-82487485
0
-5
-4
-3
0
1
420696416
1
1640300001
5
-4
-5
-3
-1
-4
0
-3
-1
0
5
-4
-3
2
-1265406267
-4
4
5
-5
1
708567395
5
0
0
-3
4
4
1
2100644463
5
-5
1
-480339547
1
1452196202
-1
-5
5
-2
4
2
-509695136
-3
2
1137127138
4
2
452096457
0
2
994597068
3
621595723
0
2
1722448521
4
3
1142462415
3
210094702
2
723171569
0
0
5
-1
-3
-4
5
-3
0
5
-1
-5
4
4
0
0
3
1885471821
4
0
0
4
2
352475314
0
4
3
975769350
4
5
3
-449323465
0
1
1185138504
5
4
0
-4
5
-1
5
-5
-3
5
-1
5
-2
1
1428011023
2
1101370343
5
0
0
0
1
2041419443
3
1785824875
4
2
979840522
1
836892933
5
-5
-2
0
1
1796452342
-3
1
289828419
-5
0
-1
0
1
1204895646
2
987831022
3
1053679431
1
863652755
0
0
0
2
706299191
3
747393754
0
0
2
1243675946
1
1609169754
4
1
64983230
4
4
3
1110247829
3
1739324389
5
1
-933073267
4
2
1285907402
3
-457469782
1
731873607
-5
0
-2
4
5
-3
-2
5
5
-1
3
2044088769
3
307326291
2
2137553553
5
-1
5
3
714793679
4
3
1134493810
3
396677866
0
4
4
3
1367796442
2
1714140853
3
474632495
0
3
1371954383
1
1941293564
5
3
-798851061
4
4
-2
5
-2
-3
-2
5
1
387982132
0
3
62928878
0
1
67201770
4
1
800674943
2
55730873
5
-1
1
875444147
4
3
1654440704
2
725222285
1
-1557951268
0
-5
-3
0
4
1
835893620
5
-1
3
1615377858
-4
0
2
-759775679
-1
3
-303413525
1
-269208870
-1
3
1588743010
0
-1
0
4
4
5
-1
4
3
1769556292
4
-1
-1
0
0
-3
0
-5
4
-1
-2
-1
-2
1
1947922902
2
-442606430
0
0
0
3
364447115
1
269961208
2
35139364
0
3
1044889151
1
1952834952
5
0
-3
5
-4
-2
0
3
1394653147
2
209366113
0
5
-3
0
-4
-2
-1
-4
0
-1
-1
4
5
-4
-2
-1
-3
-3
5
1
-2136811356
2
-1096800645
0
2
2145562914
4
4
0
3
1028718198
2
2137723598
0
1
1724956241
3
1733334201
5
-5
5
0
0
5
0
5
-2
1
542711421
2
1297691767
1
1031322736
1
1696050053
4
1
2086848618
2
552057849
1
773185538
3
636702808
5
-4
4
0
-3
4
3
1622934208
-1
-3
-4
-3
2
-604866026
1
-1384041097
-3
2
1789581228
0
4
2
999838052
0
5
-5
-5
1
-2135384352
-4
5
-4
-4
-3
0
1
-1412905032
4
3
1596799670
3
751107169
3
149632333
5
-2
2
524995869
-2
-5
4
1
-1075417266
-3
-2
-3
4
5
-2
5
-3
1
1327872595
0
5
-1
4
5
-1
-3
-5
2
1174540943
0
2
910116170
0
2
2141298661
1
850254962
0
4
5
-2
4
5
4
1
-892520418
3
948935800
0
2
540072089
4
2
46839821
1
2120772896
5
4
1
-759951540
0
3
-1305482857
2
-448447618
-5
-2
1
-614865798
-2
-5
5
-2
-3
-3
0
-5
-2
-5
0
-2
3
1118016023
4
-1
0
-3
2
1298756870
3
542632226
2
399004518
2
1721611628
2
1624310322
2
1801105232
0
3
250440760
0
5
0
-5
2
-767585648
-2
5
-4
3
1954638805
1
1326726005
0
1
1194443966
2
1120817786
3
1835966261
3
1229997079
2
1183720393
0
1
741010731
4
2
428596320
0
4
2
1323617637
0
4
3
1731153123
2
1259951762
3
282388898
0
4
3
684335947
0
5
-4
-2
-1
2
1396267774
3
-856589349
2
-1348687779
4
-2
-1
4
0
-3
4
5
-4
-3
-2
-2
3
532332121
-4
-5
0
-4
1
-533050691
-1
-5
5
0
-2
-3
-4
-2
0
0
1
211346517
4
-4
4
-3
0
-4
2
1878946442
0
1
1253075236
5
-4
-3
-4
-5
-3
4
-4
3
-521948660
2
-235864840
5
3
-1994513572
-3
-1
-4
-1
-3
-2
0
4
-4
-2
1
1242145166
0
4
1
287944270
2
2083254486
5
0
-3
-5
2
355176112
-4
-1
-5
-2
5
4
-3
-4
-2
-5
0
2
-1902896833
5
-5
4
-1
-3
-5
0
-5
-5
5
3
659027031
2
-1345291561
3
-1595887488
-1
-4
3
1834475473
3
1343960266
4
0
5
-4
-1
-1
2
292481819
1
-620316784
-2
-1
3
956793722
0
-5
4
-2
4
4
0
2
1436257450
0
3
1402114427
2
1759091630
0
5
-4
-1
4
3
-1708044633
-2
2
931479466
-4
-2
0
3
493213454
1
-1662133285
-3
-4
-5
3
1573048719
1
-1807607779
0
1
182357337
1
-1348074959
5
-2
0
-3
4
-5
2
1399566374
1
-34219403
5
3
478704998
-4
1
756906486
0
-4
-4
-5
0
5
-1
-5
2
1491692755
1
1097380589
4
-2
-1
3
114591039
3
726481122
5
-5
3
-1417454668
4
1
1082255298
0
3
937416324
-3
4
-3
4
-3
2
542305159
1
965650719
2
989419283
1
923349953
0
4
0
1
1797735704
4
5
5
-5
4
1
1022436164
1
436558637
0
1
227618988
1
183942354
3
883696227
2
1128577139
1
444700172
4
0
0
0
0
4
4
0
2
1618347849
3
1336140184
4
1
2127551131
2
517960519
2
1699600846
0
2
2129948099
0
1
166406806
1
1927070285
0
1
852332272
2
2018159243
2
713314291
3
988936893
5
-4
0
0
-5
2
1608213603
2
-555043943
-3
1
-1848033798
1
894696608
5
-1
-5
-4
5
-2
0
4
3
117257594
4
0
3
1858813007
3
883561106
5
3
434441444
-3
-4
-5
4
1
1833480021
-2
4
-4
0
5
1
652624366
1
-1834436165
-1
3
1844340550
0
-5
-1
0
2
-743879295
2
486956824
0
4
0
5
-2
0
-2
0
5
-2
0
4
-4
2
1498869173
2
1246338700
5
2
-1972855966
0
0
-1
3
583666200
4
3
9931659
3
198813051
2
266952352
2
1263350216
3
980937083
0
2
1928743112
3
506207267
5
-5
5
-4
5
5
-5
1
41616117
3
489692670
3
1861494221
2
1411903621
0
3
503538730
5
-2
-1
2
348391093
-5
0
0
-3
1
-1168414415
0
5
4
5
5
5
-3
2
1006344679
0
2
1376632029
0
2
1704487486
2
337944912
3
2065637966
1
1778126889
1
1100847816
4
1
309015453
3
175327488
5
-1
0
2
165882991
-3
3
453303056
-2
0
3
-704849936
-3
5
-5
-4
4
5
-3
-2
3
-494846646
3
1009408511
2
2101584382
3
709160282
4
2
1691573201
3
347531
3
1507111896
4
2
261677883
0
5
4
1
154957731
-5
-5
3
930489547
-2
5
0
-5
5
3
405205241
-3
0
1
229038400
5
4
-2
0
-2
-2
1
-1117320627
5
0
-2
-4
-4
-4
0
0
4
0
3
626259449
4
5
-4
1
-869865386
0
-2
-3
-1
5
0
0
5
-2
1
-1484930020
5
0
-4
-1
-5
4
0
5
3
1039516963
4
0
2
536063716
-2
1
1847740004
0
5
-5
0
3
1460205796
-1
-1
-1
2
1620266401
-3
5
-3
-1
0
5
5
4
1
1153115180
3
385269249
3
167647924
3
44541720
1
1860408130
4
4
1
208057444
3
1501528392
1
631689777
1
1297697278
1
1601009285
5
-5
4
0
-2
5
-2
0
5
0
-5
1
195108285
5
2
1080300570
0
0
0
4
2
1045981267
3
1153093103
4
1
2145218450
2
1578527669
2
1659391935
4
5
-2
-4
0
3
1800292880
0
-2
1
-830694994
0
-5
1
611548439
5
0
3
-1311619701
-2
3
-421158675
2
-1852455339
5
-5
0
2
-162475271
0
-1
4
2
2093616959
5
3
407057303
5
0
-1
-2
1
1211958422
4
5
2
-1776845311
4
2
2131936646
3
40072315
2
1776871259
3
1647329659
1
1696149221
5
-2
2
728493648
0
0
2
-648821798
-2
1
-24290346
0
5
4
2
568175056
-3
1
-2036060274
-4
-4
3
-1979727500
4
-4
5
-3
0
0
5
-2
4
0
-5
5
-1
0
-3
-5
3
2018108205
0
5
-3
-1
3
628269206
1
-1864706237
-2
2
2041466227
2
1138872190
2
1252619942
2
1440778793
4
4
1
647486397
1
613477529
2
608113464
0
1
1631118520
2
933983539
3
1001679739
3
278225810
0
1
1978298014
0
2
701478780
0
2
1377459723
2
441544388
3
928580614
1
307852961
3
1220046696
2
458064296
5
2
1131293359
-2
-2
1
-715825562
-2
5
1
806680133
1
1305813902
4
5
-5
3
1063167112
-1
5
-1
-2
4
5
-1
2
-46487168
1
1625648001
4
5
0
-4
-3
-3
0
2
-653220332
0
4
2
1002411807
4
2
1148174496
0
2
1093954625
2
1779516555
4
2
1244244644
4
5
4
0
-2
0
-2
-3
3
272085432
-2
-5
1
22321828
-5
-5
-1
3
690408151
3
-932980581
0
-1
3
13664774
2
1772627082
3
1495009106
0
5
0
0
-3
-3
-4
4
5
-2
0
2
826471784
0
-1
2
1580723524
0
1
2105135635
3
1761685407
4
3
67631729
5
1
585141892
-2
0
1
-265114166
-2
-4
0
5
2
93731219
4
-5
1
8498853
0
5
1
-1348141509
0
-5
5
0
0
-3
1
-1724271182
3
387057094
2
913671635
4
4
0
2
1487485520
1
1607626304
3
2101300347
2
653823675
1
1543918852
1
1455650620
0
1
810828176
1
1788338857
5
-5
-3
2
-1503708789
1
-1175320543
0
1
254958836
0
-5
0
-2
5
2
316176886
3
-746864374
0
1
-441748640
4
-4
-1
-2
1
101228441
0
4
1
68727566
1
1199734154
0
1
1646374437
0
4
3
1600656790
2
630423772
3
1511523871
4
5
4
-3
4
1
-61786906
1
-1957939761
4
-2
-2
0
-3
-5
1
-1319546061
4
-1
1
488855003
0
3
-1214471848
1
37894716
-1
5
-4
2
1141744532
0
0
3
5615778
0
-2
-3
-3
-4
-5
0
-5
3
966460050
0
4
-4
3
291400371
4
1
1763500734
-4
1
875744052
1
1477428060
0
3
605742938
0
0
3
256742380
1
1376474469
4
2
1995991966
5
0
5
0
-5
3
260027979
1
476116846
0
3
1891783223
5
5
5
1
1318155106
4
3
1277915808
4
3
493027817
0
4
3
1900185368
1
1672576627
3
1128460728
2
1418731054
4
3
1162798768
2
577334432
5
-5
-2
-3
1
-1684558231
-5
1
1285045185
0
3
134052416
-3
2
-535173868
2
123381730
0
1
1112803124
-1
0
-1
-2
0
5
-3
0
3
-1016549686
-5
-1
2
1225209912
-3
2
1536138074
2
1502524793
-1
-5
-4
-3
-2
4
-5
-5
3
-814481020
4
-4
3
2029797304
0
1
2143951188
5
-5
-5
-2
-4
3
-456329631
2
-68843109
0
3
-1132923579
1
-98101072
1
-1143560712
0
-1
2
-1196904077
5
-4
3
-790245632
4
0
-4
1
1513383189
1
-1177532380
4
3
532824555
0
-2
-2
-1
0
-5
0
0
5
-2
-2
0
0
-4
1
760655631
-2
3
-594414845
-2
4
1
1581894087
3
-975064679
1
1699348370
-1
-5
0
-5
5
1
-144471805
-4
0
-3
1
-1723728669
-2
1
-2107889066
2
1316468997
2
-1450901477
5
1
1286002433
-4
1
-1759212549
-3
-4
1
849017602
-4
-5
0
-3
3
655519960
5
-2
-5
2
53541750
2
1494307529
-5
0
0
-1
4
2
791526558
-5
5
-3
3
-56477238
4
-5
0
-2
-4
0
1
-1827407601
0
5
3
489016772
-2
0
0
0
4
-3
3
1356040362
2
1337759852
5
5
-2
3
1871634711
5
4
4
5
1
-137557798
-1
3
1202873761
0
1
846188254
4
0
5
0
-5
1
1993391591
-5
1
-364603544
-5
1
-1755017794
1
143124059
3
1444318399
2
1252785847
4
2
140273974
1
1027323547
1
1855039614
1
1322674270
3
1513228035
5
2
305316149
-1
3
1464506343
-3
-2
1
-339075742
-1
4
-4
0
0
-1
0
-2
1
-2060960301
0
-5
0
2
1421988441
-2
-4
-4
1
1467116708
3
194294779
0
1
1497094271
2
171347089
3
1300607571
3
717927608
5
2
583910887
-5
1
381139319
5
-3
5
-2
3
1534450070
3
1958603547
0
2
2097719738
5
5
5
0
5
-5
2
1836943668
1
315748684
5
5
2
1198631707
4
4
1
2126018719
2
893231239
1
1303974556
5
-3
3
414656648
1
1238632895
3
-1710607140
-1
3
1755470724
-2
2
146014691
3
1799494807
1
1080517456
1
1428828277
1
94925131
3
1230725604
5
3
-342282939
-2
-4
0
-5
1
761482228
2
699573133
5
2
-360354826
0
5
0
0
3
127647317
0
0
4
1
650222124
0
0
3
160449169
5
2
1078941164
-2
1
222064151
4
-5
-3
1
392393580
5
0
-2
1
959464464
0
-4
-5
0
1
-1333388528
2
1859886619
2
2051129570
1
1162891426
0
1
2072060166
2
347993473
2
602313672
0
3
1520570225
1
904089531
4
5
5
2
1616714983
0
5
-3
3
-456909718
5
4
-2
5
-5
1
1854045541
5
-1
4
-4
5
-1
2
-116686716
-3
5
0
5
-5
1
2034302034
0
5
1
-379628941
3
-270725294
0
0
2
1300344801
5
2
-1933166663
-3
1
140917131
5
4
0
5
5
4
1
540464961
3
37587311
5
4
3
936688618
1
-1565724658
-1
4
5
-1
3
439778637
3
-679038657
-5
-2
-3
2
980045839
0
4
0
4
3
396508937
3
2043530433
2
619547004
0
4
3
1143987418
1
926410784
2
857082241
0
1
611868610
0
5
-3
2
1993590033
-3
5
-3
0
-1
0
5
5
1
145349221
1
1692281359
2
551435719
4
0
4
4
5
-1
0
4
5
0
2
1171363186
-5
2
1010342252
4
0
3
160573641
5
4
0
1
67652531
-1
2
1954207908
5
2
-1062733036
4
-2
-1
1
-1808119475
3
423426881
0
5
1
1324885209
0
3
-1983132343
0
0
-5
3
167996879
5
0
-2
-2
4
4
-3
-4
2
-1721048806
1
-736825266
1
1133322711
2
453693971
2
836420480
1
299313430
4
5
-1
0
3
592029179
0
-4
-2
1
2096894248
-3
0
-5
0
5
4
-4
-3
-1
5
-5
3
-1020685703
1
-185260844
2
761701569
4
4
5
-3
-3
0
3
-253338942
0
2
-888966185
1
-1225116970
5
0
-2
0
-3
3
641832603
-4
-4
5
-4
2
-1691414695
-5
-1
3
325370649
-5
5
-2
5
0
0
0
1
250367684
2
126375141
5
1
411657661
-2
-2
-5
-3
0
-2
2
1153377902
4
2
1693446252
0
5
0
-4
0
-5
-2
-3
-4
2
941427126
4
-2
3
640847439
-2
-4
0
0
0
3
1096749989
4
1
1040900111
3
1372930541
1
291438362
4
5
-4
-1
3
1641551719
-5
-4
4
-2
-5
-4
-1
-4
1
-258069032
-4
3
1285357878
5
0
0
4
1
-1850574307
0
2
-2079708381
2
1366023976
0
3
218488144
5
-3
-1
0
-4
-4
3
-244373062
5
1
-1328446450
-1
4
2
-242506368
0
5
5
-3
2
641125961
4
5
3
53228515
2
1767382057
-3
3
252498573
3
1010704781
1
1481331251
5
3
1946985137
-4
0
-2
-5
2
1412029621
3
-2124650739
-4
0
5
5
0
2
1291624516
4
2
461373107
0
0
1
491510845
4
0
4
4
3
114246350
4
1
1129974617
0
5
-3
-1
-3
4
-1
-4
5
1
-413135995
0
-2
4
-2
3
1407940227
2
1646641503
2
2034627642
0
5
5
-3
4
1
339433079
4
5
2
1342789049
2
481889
3
-1628791775
1
146864676
5
-4
1
245716928
-1
-2
-1
-3
2
-83138682
3
178102720
2
1275657250
5
1
-1001220669
0
1
-817812321
-1
3
977209034
0
-3
-2
-1
-4
0
2
1858991430
5
2
1464877344
4
2
-1441778119
-1
-1
-1
4
2
-1053637560
0
1
-1710003980
3
-1146456247
0
3
245876314
3
307225438
0
3
2028479863
0
3
833820856
4
4
4
2
299991969
1
255926610
3
84346476
3
2045348740
1
965559051
0
2
118726210
5
0
0
5
5
-3
0
1
726760084
4
0
1
1427294432
4
5
2
282785883
3
-1399384643
-5
2
143739829
5
2
-188077679
-5
3
586948460
-4
1
1918603012
5
0
-5
3
1727214038
5
0
-5
-2
0
-1
4
5
1
-1510442419
-4
0
-4
-4
3
1918363760
1
657537242
3
2144143100
3
681543417
1
553512410
3
1549217379
1
1890929791
4
3
1508990868
0
0
2
1613263625
3
368166021
0
3
835104716
3
929483038
3
783287720
3
1449132485
3
497736740
1
1686771606
2
1568382033
1
897370587
5
1
1708734100
5
2
1220814722
-3
3
994395359
2
1217459958
3
1581649185
4
0
2
1791895082
0
4
4
5
-2
-2
-4
-5
-5
-4
0
2
-1552092019
4
-5
0
4
3
1112570646
-2
0
0
2
1307258014
3
1357896041
3
1741899419
1
1060312996
3
1988664148
2
2075690979
5
-5
3
1302670447
4
-2
-4
2
-433005038
-5
-5
-2
4
-3
3
1579679360
-1
2
693907326
4
-5
1
-2124018538
-3
5
-5
2
-94524965
3
1755428874
5
2
863395866
-5
4
-2
0
4
4
0
3
113905151
2
722615789
0
4
3
1101540109
0
0
4
2
262937024
0
5
-1
3
1738251956
-5
-5
-3
0
0
5
0
-1
-2
-3
-1
-4
3
-1551012668
1
1260597652
1
961997998
2
592933174
4
5
0
2
1998175773
-5
4
3
-812931980
0
-2
0
-4
1
396086074
1
1432186505
-4
4
5
0
-2
0
2
127578702
0
-5
-2
1
-1340865088
-2
4
4
3
-1230909446
-5
-2
-4
3
323321185
0
4
3
615386140
4
1
308588749
4
1
1198355161
3
135492147
3
829190423
5
5
-3
0
2
1979887062
4
5
-1
-2
-3
3
985346049
-5
3
1732206654
2
1919616095
1
442354998
0
4
0
1
584925924
2
1650154375
2
956215341
5
4
-2
-5
-4
0
4
-5
2
356403891
3
-421979073
-4
-1
-1
1
307156515
-2
1
-632435099
3
-1736615803
2
1205805134
2
1287393421
5
4
0
-3
-3
-5
2
-1664317691
3
881669682
0
-2
2
-2007735126
-2
0
-5
-3
0
1
1447780647
1
-420509664
0
4
3
-2102746482
0
2
1538651599
0
4
2
910253740
5
2
-12920608
-5
0
0
1
828294394
3
282460433
-3
4
-4
5
-4
-3
-4
4
-3
4
1
913150998
2
1922829109
3
638793060
1
1934586433
5
4
2
-203617538
-2
4
1
1599432886
-1
1
744783172
1
890324590
-1
0
4
5
3
1218540631
4
0
-1
5
-2
5
-5
-5
4
0
3
146367911
4
3
748138400
3
167714223
2
128082670
0
1
1952835870
2
1827536166
1
1140402740
3
210755561
5
-3
-3
-4
2
-527931385
0
2
-1507946474
5
0
3
616706404
-4
-5
1
789615604
0
-2
3
391102570
1
233753213
3
1086953938
0
2
1501603825
1
1622879214
4
1
54959887
3
256442461
5
2
-1827021991
-4
-5
1
539588527
-3
3
801961381
3
-463858505
4
3
-213207915
4
3
-507354742
0
5
4
-5
4
-1
5
0
4
0
-2
2
755383446
5
-4
-4
0
1
-683222457
-3
-2
5
-5
-5
0
5
4
4
4
-1
1
1885479376
1
607879395
5
-4
5
0
0
0
0
0
5
-3
3
-376827526
3
1381256030
0
0
0
4
3
1300292450
1
2121279777
5
4
-1
0
5
3
-1739499161
0
-1
5
5
-4
4
3
1383998149
0
0
4
3
1510045418
4
2
1140371659
3
9768923
3
2006719863
0
1
1549939350
0
5
-3
0
0
3
-33875503
-4
-3
-4
-4
-3
2
1783686442
-5
4
-2
-5
5
0
0
-3
-3
3
-1952672724
-3
-3
2
-453435404
1
850319121
3
2145730532
-2
-2
4
2
1526397490
2
785502953
5
-5
0
0
0
1
-2000576934
-5
4
2
2024857464
-1
0
-4
-1
-4
-2
2
2118881049
2
-1308860610
5
5
1
1282019054
1
1889063716
2
895482443
4
0
2
1911865029
5
-1
0
0
-4
-2
-3
0
-2
1
-1172905846
3
1731912186
4
5
-5
1
1095604095
1
1732949839
0
0
0
4
-3
-3
0
1
-1366620444
1
1485379776
4
1
185648369
5
0
-2
-1
-4
1
62504789
1
-1098822956
5
1
1535854096
4
-4
-2
0
-5
3
1927401582
4
3
1284136482
1
1589873042
0
2
990397536
0
4
4
1
1678201706
4
4
1
253212804
1
2125639620
2
1667543115
4
5
4
-3
-1
0
-1
4
1
1837129329
5
-1
0
2
562313789
-1
-3
-1
5
-1
-4
-3
-3
-3
3
-843674177
-1
3
2036259113
5
3
-254426321
1
705145470
0
2
1536374019
-1
0
0
-4
4
0
0
2
1331326709
0
4
1
1062494243
5
-5
0
3
-1661995532
5
-1
0
0
-2
-3
1
596600235
2
1355518474
3
2139371700
0
3
1752296248
4
3
1894836941
5
3
8622150
-4
1
1117526011
5
5
-2
0
1
536649155
4
4
5
0
2
-536699725
-3
5
2
1479114087
4
-3
3
963872540
5
1
923220319
-3
3
-958757385
4
-4
1
1880988776
2
971674040
2
892649842
0
3
553554402
1
378098738
2
424766909
1
856013273
3
1772587051
2
1180454903
1
1526937524
5
-2
-5
-2
1
950066654
4
-2
0
5
0
1
2135513916
4
-1
1
595112033
-4
-1
1
51659429
1
1197772730
2
2031388315
4
1
1001561810
3
2013789056
2
1422232449
0
3
927608467
0
2
1321239010
2
1526958828
5
0
4
1
652164403
-4
3
-1635890692
3
-165840620
0
0
1
2078585315
-4
-5
-1
4
5
4
3
526991530
5
0
-5
-4
0
0
5
-3
-2
-2
-3
4
3
1958210884
3
1436905375
0
2
2085174510
1
588702718
1
826079606
2
516411798
0
1
842096762
1
921585432
2
2040216475
3
1282351104
3
1772642802
1
1368409011
2
1404517877
0
1
39776331
1
1801564731
0
0
2
1529316870
4
1
2118019589
0
3
562817075
0
1
80981116
0
2
1002566548
1
899547962
0
1
8801511
4
2
1377210522
0
5
-2
-4
0
-1
-1
1
-70881314
3
1899436464
-1
3
1018164961
-2
0
0
-2
-2
3
-683479779
0
4
3
2134605649
-3
-2
5
-2
-2
-1
1
1690513512
2
-1681859926
-5
0
2
1409224002
4
-5
-5
-1
0
2
-637880489
5
0
-4
-2
4
-4
4
0
-5
-2
-5
-4
-1
0
-5
2
-416508693
2
1043053145
-4
4
0
3
957327587
1
803032234
0
5
-2
1
-2124903715
-2
0
-5
-4
-4
-3
0
-3
4
-4
-2
4
-3
0
3
-1945830306
-3
-4
-3
-4
4
3
852611074
1
1383768717
5
1
1518027509
0
0
-4
3
431397771
1
-1164328500
0
4
-5
5
5
-5
1
1754434950
0
2
893248006
0
5
-2
-1
2
-309840834
2
971169585
4
-5
2
169544808
2
1475875527
2
251996910
1
716915087
4
5
-1
-4
-4
4
-1
4
0
5
5
0
2
703469758
5
1
739206179
-2
1
480181183
1
49131831
1
368313808
5
0
-1
3
2028983649
2
617295100
0
-4
5
0
-2
1
-1527341348
-5
3
1828723078
-5
4
1
840645560
2
344545567
0
0
3
426382514
0
0
4
1
1638101768
0
5
0
0
3
-1793380928
5
-3
3
-1417331991
4
-3
2
2061879245
3
233348412
4
1
2123058796
4
0
1
756028429
5
-1
1
21026037
4
0
0
5
3
1286798305
-5
-2
-2
1
815751583
0
5
-3
-4
-2
5
-5
-3
5
-2
-3
4
1
1865696859
4
1
692381175
5
4
-3
0
4
5
-2
3
-1841843614
-2
1
833918204
1
815630123
2
1295837620
4
0
2
1055398174
3
383078719
3
571430787
4
4
1
1768534051
2
1443274868
1
1429976900
1
1909329427
1
1928827017
4
2
798050500
2
616751694
3
1231288618
2
1701785066
5
-5
-4
5
-2
1
-614144052
2
980291283
0
5
3
490206891
5
-5
3
784699038
2
1740845071
2
603133847
0
5
1
-855370244
1
-1764183223
3
54615389
3
-1751100684
5
-3
-5
-3
-4
0
-3
2
295952752
2
116861631
5
-2
-4
-4
0
-3
0
-2
2
-2049782803
-3
-4
5
-3
3
1803400388
-1
-2
-2
1
-1669209204
1
-1923693447
-3
-2
5
-5
-4
3
-1891107861
0
-4
2
-81320177
1
318136758
2
-446908910
4
1
327285487
3
14419852
4
0
5
-1
-1
4
0
-5
0
3
665282284
-5
-4
-4
-4
-3
3
-1910332133
4
1
-305460439
-5
4
4
0
4
3
281687497
3
1184058573
3
923449590
5
2
-1736812280
-5
0
0
-5
1
1550157898
1
898651538
5
3
-154613683
1
757288535
0
-1
5
-5
0
-3
0
0
-2
-1
2
1039668021
1
96599900
3
1672252190
5
1
-323545813
5
0
-3
3
372482233
5
-5
2
-270254743
-2
0
4
3
1098258964
1
714646780
2
101361756
2
879604934
0
0
2
2106890646
1
1821858280
3
389164409
2
971521328
0
0
0
0
4
4
4
5
-1
2
415159529
0
5
-2
-2
2
-627631907
1
617285064
2
9570102
0
5
0
-4
-2
-3
-2
-3
0
3
-1115494881
4
0
4
1
367163760
3
1707905394
5
0
5
-5
0
3
1720871818
0
5
0
1
-107569442
2
499111733
-1
3
2085930030
0
2
399783531
1
1697479232
3
1355979245
2
658874158
0
0
3
570643889
5
-2
1
684036780
5
2
-1581563194
5
1
1575091970
4
0
1
1426827736
2
1577668641
1
1322435332
0
3
420658639
4
0
1
2035284617
3
1687661179
3
480389248
3
1708834847
0
5
-3
4
2
1581941419
0
5
1
-1295923992
0
-4
-1
-4
5
-3
4
1
1387796003
-4
2
-1625820143
0
1
2130126117
2
1493839437
0
0
4
4
4
0
0
4
0
1
1603154172
5
2
634519414
3
2113014985
-2
0
-3
1
-1864374368
1
-1543924052
-1
1
1580089649
5
2
705366911
4
-5
0
-1
3
1592452430
-3
3
-710117583
0
-1
1
1891237353
0
0
3
772685199
0
0
4
0
2
1912115356
2
531657379
3
307509826
4
2
1427858001
1
1878213172
2
1812697434
0
4
4
3
655429443
3
1213335066
1
623927300
3
287526222
2
1009192786
3
870397854
4
1
869185546
4
3
1184205318
0
0
4
4
0
5
4
4
4
3
666144555
-2
-1
3
-1714659112
-2
0
3
204718003
4
4
-5
2
-438423318
3
-1992231276
4
-5
-1
-1
-1
0
-5
5
-1
-4
5
-3
-3
-3
1
1356000672
5
3
-1993847008
-4
4
-1
4
4
4
0
1
1213037328
2
890839928
4
1
1841441364
4
3
1877776175
2
863523264
5
0
-5
4
-4
0
-1
2
1000314169
-2
0
2
-657933210
0
-4
4
-5
-3
-4
-3
-3
-5
1
458506033
2
1408786991
1
1746724598
3
2122387075
1
29125809
1
1128009357
4
2
38765312
2
894025920
3
1490823930
0
5
-3
-5
-4
4
-1
1
-1743628227
-3
-2
4
-2
-3
2
-1745972155
0
-1
4
-1
1
1251641073
-2
3
-1166116627
1
-805603403
4
-5
4
-3
0
0
0
5
-5
-2
1
-920475288
0
5
-3
2
-1820349107
5
5
0
0
0
5
3
974172179
3
-1511740143
5
3
258364723
4
-4
-3
5
3
941774334
-1
0
1
-15217532
2
113432474
0
1
2068874475
4
5
3
-463823871
0
-2
-4
4
-4
-3
4
-2
3
884567691
-1
2
1914863128
0
4
0
1
1898303039
5
-4
-4
-2
5
2
-1854634888
4
-3
2
1526670227
2
1963102731
2
949940273
1
1112537491
1
428837573
2
561336306
4
3
1699947284
0
0
0
0
4
3
1558363929
1
1765033541
5
1
986515651
-5
2
1750309763
5
3
984681080
-2
5
-4
0
5
-4
-1
0
1
869646169
5
-3
0
-1
2
-2105560330
1
567626120
1
1153313982
5
2
175375401
5
4
3
-1118373166
1
970625882
1
112350454
1
53735886
3
818218557
1
1205981283
2
760167791
5
1
-1961659398
4
2
1559978920
1
-579103036
5
-4
4
-1
1
-212295956
-1
-4
-4
0
5
1
33855159
3
-1573044020
2
-1995389291
-2
0
0
-3
5
0
-4
-4
3
279182572
-1
-2
-4
3
115890534
3
909462989
4
2
2007099395
5
-2
-3
5
-3
-4
-4
1
376174890
3
721141159
3
1257887980
5
0
-3
1
-1352302167
0
5
5
-5
1
1349420605
0
0
4
2
789031987
0
0
0
5
-3
0
3
-663915642
3
-1244793366
2
111969904
-3
-5
-5
-4
2
1382405096
1
48682458
2
1659908645
1
27011963
2
1046530782
1
1655730403
0
5
-4
-3
-4
-5
-2
-4
-2
-3
-1
0
-2
3
-1481567001
2
-952264323
0
-1
4
-5
3
702466149
0
1
1577013933
3
-72873572
1
625356215
3
1994953931
3
1460061585
4
5
0
-5
0
2
-1621700217
1
-1016716353
4
0
2
1423039044
-3
1
555247207
4
-1
5
-3
2
396324858
2
1891741009
2
58470
-3
-2
-3
-5
4
-2
4
0
2
226928019
1
1204297608
1
1416318981
0
5
2
-842394834
-3
-1
2
1230576784
0
3
-1715676343
5
5
-3
0
0
3
737152578
1
2095218507
4
0
4
2
2099675230
3
318089828
1
1726157770
5
2
-853101807
-3
0
-1
4
2
83816098
0
0
-3
-3
-4
-3
-3
-5
-3
2
1843700643
2
987578843
2
854913924
0
5
4
0
-3
-5
0
-2
-4
2
383032924
0
-1
1
2048255355
1
207151808
-1
1
1732589178
5
5
3
1272602010
4
4
0
5
5
2
1694175015
5
4
-3
0
0
0
2
594144416
1
121997373
1
944661741
2
726106211
4
0
3
1557422956
3
1313690874
5
5
1
1275915304
5
-5
-4
0
4
4
3
2022987282
3
639950278
3
37032013
3
1471687157
2
405968456
0
0
5
-4
4
-1
1
696922272
-5
-3
1
516329464
5
3
2027096401
5
0
5
5
5
2
416181297
5
-3
4
0
5
-5
5
3
1533433069
2
427106046
5
4
-5
3
1757175392
-5
4
4
5
-1
5
4
-3
5
-3
5
1
1107750575
4
3
1800440265
5
-1
-3
-4
-2
-2
3
1809859188
2
2103827480
5
-5
-5
4
-3
4
2
-1888939026
4
-4
-3
4
3
1887019209
1
1341599135
5
5
2
2046988217
2
330048540
2
311719964
0
3
750257704
5
-1
-3
0
4
-1
5
1
652738693
-4
-2
-3
1
1752746946
2
1784671486
5
0
1
1158257591
2
-1205762833
0
-5
-3
5
5
-1
2
438522175
1
1032703348
4
0
3
48066955
5
1
-1697298222
-1
0
0
4
-1
1
964950084
-5
5
2
1487286230
0
3
-1025256547
0
3
796731528
2
-161028101
4
4
1
1050509078
0
0
4
4
3
1939402767
4
1
1677185267
4
2
2018341163
3
1311104184
0
2
1485177695
3
1270851013
2
400759811
5
-4
-1
5
-5
-3
0
2
1959028501
4
1
322865741
0
0
5
-4
-4
2
642759247
2
-1072143572
1
1904199304
0
-3
-2
3
1347492496
3
710331895
3
1434472651
2
1071649976
1
503227631
1
974777335
3
1407257168
5
0
1
672547976
2
1821949020
0
1
-443552547
2
-521239853
4
-3
-4
-2
4
-3
0
4
4
0
-4
-1
-2
0
-5
0
5
-4
1
-509259729
3
1291746276
4
-4
2
243034923
1
760990446
4
0
5
2
-1114232534
0
-5
2
616461193
-4
0
-5
-5
0
-2
2
-1003329228
4
0
2
158748236
4
2
1422025783
0
0
3
507739951
0
0
5
0
-3
-2
0
-5
0
0
1
-2123390735
5
4
-2
0
3
-1030095938
0
-4
-3
-4
2
30037679
2
870450297
4
3
338071551
1
999545228
4
5
0
0
-2
5
0
1
1988329505
-5
4
4
2
50671832
4
5
0
0
1
1436542263
-5
5
-4
0
-3
-3
0
5
-4
4
0
1
-1925001383
5
-1
5
3
-1440433986
0
5
0
2
-1891725082
5
1
-1894040687
1
2001834060
1
1174728397
4
4
4
1
308240603
2
1856671535
4
5
-4
-4
-2
-2
5
-2
3
862244759
3
-598078273
3
785732253
0
0
0
1
406173754
5
-4
1
1177847443
5
-5
0
-5
5
5
-2
1
839910578
2
780898838
3
1528923401
1
814493345
5
1
-1055914537
1
-1007339666
0
-4
5
