1
1682994870
3
1568060969
1
758043858
4
4
4
3
875979453
5
1
1
3
0
1
0
4
4
4
3
0
5
1
1
3
0
1
1
4
4
4
3
0
5
1
1
3
0
1
2
4
4
4
3
0
5
1
1
3
0
1
0
4
4
4
3
0
5
1
1
3
0
1
2
4
4
4
3
1
5
1
0
3
0
1
2
4
4
4
3
0
5
1
1
3
0
1
1
4
4
4
3
0
5
1
2119639481
0
5
1
239376356
4
1
859167812
0
0
2
1515075794
3
309517424
1
284446663
1
1625686807
2
2040091769
1
1741106283
4
4
1
578079216
3
169222021
3
1164302387
0
0
2
2036738149
5
1
0
4
1
2
0
0
2
3
3
1
1
1
1
2
2
2040091769
1
1741106283
4
4
1
578079216
3
169222021
3
1164302387
0
0
2
2036738149
5
1
0
4
1
2
0
0
2
3
3
1
1
1
1
2
2
3
1
4
4
4
1
3
3
2
3
1164302387
0
0
2
2036738149
5
1
0
4
1
2
0
0
2
3
3
1
1
1
1
2
2
3
1
4
4
4
1
3
3
2
3
5
0
0
2
0
5
1
0
4
1
1
0
0
2
0
3
1
1
1
1
2
2
3
1
4
4
4
1
3
3
2
3
5
0
0
2
0
5
1
0
4
1
1
0
0
2
0
3
1
1
1
1
2
2
3
1
4
4
4
1
3
3
2
3
1
0
0
2
0
5
1
0
4
1
1
0
0
2
0
3
1
1
1
1
2
2
1
1
4
4
4
1
3
3
2
3
5
0
0
2
0
5
1
1
4
1
2
0
0
2
0
3
1
1
1
1
2
2
3
1
4
4
4
1
3
3
2
3
5
0
0
2
0
5
1
0
4
1
1
0
0
2
0
3
1
1
1
1
2
2
3
1
4
4
4
1
3
3
1
3
5
0
0
2
0
5
1
0
4
1
1
0
0
2
0
3
1
1
1
1
2
2
3
1
4
4
4
1
3
3
2
3
5
0
0
2
1
5
1
0
4
1
1
0
0
2
0
3
1
1
1
1
2
2
2
1
4
4
4
1
3
3
2
3
5
0
0
2
0
5
1
0
4
1
1
0
0
2
0
3
1
1
1
1
2
2
3
1
1
4
4
1
3
3
2
3
5
0
0
2
0
5
1
0
4
1
2
0
0
2
1
3
1
1
1
1
2
2
3
1
4
4
4
1
3
3
2
3
5
0
0
2
0
5
1
0
4
1
1
0
0
2
0
3
1
1
1
1
2
2
3
1
0
4
4
1
3
3
2
3
5
0
0
2
0
5
1
0
4
1
1
0
0
2
0
3
1
1
2
1
2
2
3
1
4
4
4
1
3
3
2
3
5
0
0
2
0
5
1
0
4
1
1
0
0
2
1
3
1
1
1
1
2
2
3
1
4
4
4
1
3
3
2
3
5
0
0
2
0
5
1
0
4
1
1
0
0
2
2
3
1
1
1
1
2
2
3
1
4
4
4
1
3
3
2
3
5
0
0
2
0
5
1
0
4
1
1
0
0
2
0
3
1
1
1
1
2
2
0
1
4
4
4
1
3
3
2
3
5
0
0
2
0
5
1
0
4
1
1
0
0
2
0
3
1
1
1
1
2
2
3
1
4
4
4
1
3
3
0
3
5
0
0
2
0
5
1
1
4
1
0
0
0
2
0
3
1
1
1
1
2
2
3
1
4
4
4
1
3
3
2
3
5
0
0
2
0
5
1
0
4
1
1
0
0
2
0
3
1
1
1
1
2
2
3
1
3
4
4
1
3
3
2
3
5
0
0
2
0
5
1
0
4
1
1
0
0
2
0
3
1
1
1
1
2
2
3
1
3
4
4
1
4
3
2
3
5
0
0
2
0
5
1
0
4
1
1
0
0
2
0
3
1
1
1
1
2
2
3
1
5
4
4
1
4
3
3
3
5
0
0
2
0
5
1
0
4
1
1
0
0
2
0
3
1
1
1
1
2
2
3
1
4
4
4
1
3
3
2
3
0
0
0
2
0
5
1
0
4
1
1
0
0
2
0
3
1
1
1
1
2
2
3
1
4
4
4
1
3
3
4
3
5
0
0
2
0
5
1
0
4
1
1
0
0
2
0
3
1
1
1
1
2
2
3
1
4
4
4
1
3
3
5
3
5
0
0
2
0
5
1
0
4
1
1
0
0
2
0
3
1
1
1
1
0
2
3
1
4
4
4
1
3
3
2
3
5
0
0
2
0
5
1
0
4
1
1
0
0
2
0
3
2
1
1
1
2
2
3
1
4
4
4
1
3
3
2
3
5
0
0
2
0
5
1
0
4
1
1
0
0
2
0
3
1
1
1
1
2
2
3
1
3
4
4
1
1
3
2
3
5
0
0
2
0
5
1
0
4
1
1
0
0
2
0
3
0
1
1
1
2
2
3
1
4
4
4
1
3
3
2
3
5
0
0
2
0
5
1
0
4
1
1
0
0
2
0
3
1
1
0
1
2
2
3
1
4
4
4
1
3
3
2
3
5
0
0
2
0
5
1
0
4
1
1
0
0
2
0
3
1
1
1
1
2
2
3
1
4
4
4
1
3
3
3
3
5
0
0
2
0
5
1
0
4
1
1
0
0
2
0
3
1
1
1
1
2
2
3
1
5
4
4
1
3
3
4
3
5
0
0
2
0
5
1
0
4
1
1
0
0
2
0
3
1
1
1
1
2
2
3
1
3
4
4
1
0
3
2
3
5
0
0
2
0
5
1
0
4
1
1
0
0
2
0
3
1
1
1
1
2
2
3
1
4
4
4
1
3
3
2
3
4
0
0
2
0
5
1
0
4
1
1
0
0
2
0
3
1
1
1
1
2
2
3
1
2
4
4
1
3
3
2
3
5
0
0
2
0
5
0
3
1661435496
1
1904620904
1
1443857722
5
0
3
1661435496
1
0
1
0
5
0
3
1661435496
1
0
1
1
5
0
3
1661435496
1
1
1
0
5
0
3
1661435496
1
0
1
0
5
3
1463837591
0
0
0
3
521655736
3
103047275
1
620390032
5
0
4
4
2
50880401
3
1279625033
3
1193498313
0
2
1075866374
4
3
1461957671
5
1
1630653395
2
363468969
4
5
1
0
2
0
4
5
1
0
2
1
4
5
1
1
2
0
4
5
1
0
2
0
4
5
1
496716289
3
805197950
4
0
2
1001417129
5
1
1
3
2
4
0
2
0
5
1
0
3
0
4
0
2
0
5
1
1
3
0
4
0
2
0
5
1
1
3
0
4
0
2
1
5
1
0
3
0
4
0
2
0
5
3
494427451
5
5
5
5
1
733626427
3
2001547028
2
1165849356
0
0
1
1164808799
4
5
1
1
3
2
2
2
0
0
1
0
4
5
1
0
3
0
2
2
0
0
1
0
4
5
1
1
3
0
2
2
0
0
1
0
4
5
1
1
3
0
2
0
0
0
1
0
4
5
1
1
3
0
2
0
0
0
1
1
4
5
1
0
3
0
2
0
0
0
1
0
4
5
1
0
3
0
2
1
0
0
1
0
4
5
1
1
3
1
2
0
0
0
1
0
4
5
1
0
3
1
2
0
0
0
1
0
4
5
1
1
3
0
2
0
0
0
1
0
4
5
2
169613061
4
2
1979812846
1
1720738676
2
1092055072
0
1
607810005
3
172389406
5
2
169613061
4
2
1979812846
1
1
2
0
0
1
1
3
172389406
5
2
169613061
4
2
1979812846
1
1
2
0
0
1
1
3
1
5
2
169613061
4
2
1979812846
1
0
2
0
0
1
1
3
1
5
2
169613061
4
2
1979812846
1
0
2
1
0
1
1
3
1
5
2
169613061
4
2
1979812846
1
0
2
1
0
1
1
3
0
5
2
169613061
4
2
1979812846
1
1
2
2
0
1
0
3
0
5
2
169613061
4
2
1979812846
1
0
2
0
0
1
1
3
0
5
2
169613061
4
2
1979812846
1
1
2
0
0
1
1
3
0
5
2
169613061
4
2
1979812846
1
0
2
1
0
1
2
3
1
5
2
169613061
4
2
1979812846
1
1
2
2
0
1
2
3
0
5
2
169613061
4
2
1979812846
1
0
2
1
0
1
1
3
1
5
2
169613061
4
2
1979812846
1
0
2
1
0
1
1
3
2
5
2
169613061
4
2
1979812846
1
0
2
1
0
1
0
3
0
5
0
3
2029084796
5
2
392931374
2
345152900
3
183271087
1
1726759828
1
1531092886
3
1179045209
2
158825291
0
5
2
392931374
2
345152900
3
183271087
1
2
1
1
3
0
2
1
0
5
2
392931374
2
345152900
3
183271087
1
3
1
1
3
0
2
2
0
5
2
392931374
2
345152900
3
183271087
1
0
1
0
3
0
2
2
0
5
2
392931374
2
345152900
3
183271087
1
0
1
1
3
0
2
2
0
5
2
392931374
2
345152900
3
183271087
1
0
1
2
3
1
2
2
0
5
2
392931374
2
345152900
3
183271087
1
0
1
2
3
1
2
0
0
5
2
392931374
2
345152900
3
183271087
1
1
1
0
3
1
2
2
0
5
2
392931374
2
345152900
3
183271087
1
0
1
2
3
1
2
3
0
5
2
392931374
2
345152900
3
183271087
1
1
1
3
3
2
2
0
0
5
2
392931374
2
345152900
3
183271087
1
1
1
2
3
0
2
2
0
5
2
392931374
2
345152900
3
183271087
1
0
1
1
3
1
2
2
0
5
2
392931374
2
345152900
3
183271087
1
0
1
1
3
2
2
2
0
5
2
392931374
2
345152900
3
183271087
1
0
1
1
3
0
2
2
0
5
2
392931374
2
345152900
3
183271087
1
0
1
0
3
1
2
2
0
5
3
573117610
1
798503222
2
634762893
4
1
2137932787
4
2
1378013786
1
1046188572
0
3
1648690835
2
1576872123
4
4
5
3
573117610
1
1
2
0
4
1
1
4
2
1378013786
1
1046188572
0
3
1648690835
2
1576872123
4
4
5
3
573117610
1
1
2
0
4
1
0
4
2
1378013786
1
1046188572
0
3
1648690835
2
1576872123
4
4
5
3
573117610
1
1
2
0
4
1
0
4
2
2
1
2
0
3
3
2
2
4
4
5
3
573117610
1
2
2
0
4
1
1
4
2
3
1
3
0
3
0
2
2
4
4
5
3
573117610
1
1
2
0
4
1
0
4
2
0
1
3
0
3
0
2
2
4
4
5
3
573117610
1
1
2
0
4
1
0
4
2
2
1
0
0
3
0
2
2
4
4
5
3
573117610
1
1
2
0
4
1
0
4
2
0
1
0
0
3
0
2
2
4
4
5
3
573117610
1
2
2
0
4
1
0
4
2
3
1
1
0
3
0
2
2
4
4
5
3
573117610
1
2
2
0
4
1
1
4
2
3
1
0
0
3
0
2
2
4
4
5
3
573117610
1
1
2
0
4
1
0
4
2
2
1
1
0
3
0
2
2
4
4
5
3
573117610
1
1
2
0
4
1
0
4
2
2
1
2
0
3
0
2
2
4
4
5
3
573117610
1
0
2
0
4
1
0
4
2
2
1
0
0
3
0
2
2
4
4
5
3
573117610
1
0
2
0
4
1
1
4
2
2
1
0
0
3
0
2
2
4
4
5
3
573117610
1
0
2
0
4
1
0
4
2
1
1
1
0
3
0
2
2
4
4
5
3
573117610
1
0
2
0
4
1
1
4
2
0
1
0
0
3
0
2
2
4
4
5
3
573117610
1
0
2
0
4
1
0
4
2
1
1
0
0
3
0
2
0
4
4
5
3
573117610
1
0
2
1
4
1
0
4
2
2
1
0
0
3
0
2
2
4
4
5
3
573117610
1
1
2
0
4
1
0
4
2
2
1
0
0
3
0
2
2
4
4
5
3
573117610
1
0
2
0
4
1
0
4
2
0
1
0
0
3
0
2
2
4
4
5
3
573117610
1
0
2
0
4
1
1
4
2
2
1
1
0
3
1
2
0
4
4
5
3
573117610
1
0
2
0
4
1
1
4
2
2
1
1
0
3
0
2
2
4
4
5
3
573117610
1
0
2
0
4
1
0
4
2
1
1
0
0
3
1
2
2
4
4
5
3
1382145503
0
2
611256815
0
5
1
1065179030
3
1116290777
0
1
1199002225
3
174723141
0
1
1161859018
4
2
703513175
2
1706090607
4
4
0
5
1
1
3
2
0
1
3
3
0
0
1
2
4
2
0
2
1
4
4
0
5
1
0
3
1
0
1
0
3
0
0
1
2
4
2
0
2
1
4
4
0
5
1
1
3
2
0
1
1
3
1
0
1
0
4
2
0
2
1
4
4
0
5
1
0
3
1
0
1
1
3
1
0
1
0
4
2
0
2
1
4
4
0
5
1
1
3
2
0
1
0
3
1
0
1
0
4
2
0
2
1
4
4
0
5
1
1
3
2
0
1
1
3
1
0
1
0
4
2
0
2
0
4
4
0
5
1
2
3
3
0
1
2
3
2
0
1
0
4
2
1
2
1
4
4
0
5
1
0
3
1
0
1
0
3
0
0
1
0
4
2
0
2
1
4
4
0
5
1
0
3
1
0
1
0
3
1
0
1
0
4
2
0
2
1
4
4
0
5
1
2
3
3
0
1
2
3
2
0
1
1
4
2
0
2
1
4
4
0
5
1
1
3
2
0
1
1
3
0
0
1
0
4
2
0
2
1
4
4
0
5
1
1
3
2
0
1
1
3
1
0
1
0
4
2
1
2
1
4
4
0
5
1
1
3
2
0
1
1
3
1
0
1
0
4
2
2
2
1
4
4
0
5
1
1
3
2
0
1
1
3
1
0
1
0
4
2
0
2
2
4
4
0
5
1
1
3
0
0
1
1
3
1
0
1
0
4
2
0
2
1
4
4
0
5
1
0
3
0
0
1
1
3
1
0
1
0
4
2
0
2
1
4
4
0
5
2
1191669996
3
1759158253
2
1543731812
1
202099802
0
4
4
3
1586228096
0
3
2006680452
1
1121168415
3
1952112180
5
2
1191669996
3
1759158253
2
1543731812
1
1
0
4
4
3
2
0
3
2
1
2
3
0
5
2
1191669996
3
1759158253
2
1543731812
1
0
0
4
4
3
1
0
3
1
1
0
3
0
5
2
1191669996
3
1759158253
2
1543731812
1
1
0
4
4
3
2
0
3
2
1
0
3
0
5
2
1191669996
3
1759158253
2
1543731812
1
0
0
4
4
3
1
0
3
1
1
0
3
0
5
2
1191669996
3
1759158253
2
1543731812
1
2
0
4
4
3
3
0
3
3
1
0
3
1
5
2
1191669996
3
1759158253
2
1543731812
1
2
0
4
4
3
3
0
3
3
1
1
3
0
5
2
1191669996
3
1759158253
2
1543731812
1
1
0
4
4
3
2
0
3
0
1
0
3
0
5
2
1191669996
3
1759158253
2
1543731812
1
1
0
4
4
3
2
0
3
2
1
0
3
1
5
2
1191669996
3
1759158253
2
1543731812
1
1
0
4
4
3
2
0
3
2
1
0
3
2
5
2
1191669996
3
1759158253
2
1543731812
1
1
0
4
4
3
0
0
3
2
1
0
3
0
5
2
1191669996
3
1759158253
2
1543731812
1
0
0
4
4
3
1
0
3
0
1
0
3
0
5
5
4
4
4
3
2007022542
0
2
109520263
5
1
323586598
3
1212291653
1
74128028
2
35505850
1
320761459
2
805169787
2
1992843179
0
1
919763056
2
1148394160
2
428178641
4
4
2
108108224
0
4
0
1
1922460006
0
0
2
553093933
3
1407510957
4
0
1
1910119883
1
865107517
0
1
710467048
0
2
1630230104
2
243335428
5
1
4
3
5
1
1
2
0
1
3
2
5
2
5
0
1
6
2
7
2
5
4
4
2
2
0
4
0
1
8
0
0
2
5
3
7
4
0
1
7
1
5
0
1
4
0
2
1630230104
2
243335428
5
1
1
3
0
1
1
2
0
1
3
2
5
2
5
0
1
6
2
7
2
5
4
4
2
2
0
4
0
1
8
0
0
2
5
3
7
4
0
1
7
1
5
0
1
4
0
2
1630230104
2
243335428
5
1
1
3
0
1
1
2
0
1
2
2
3
2
3
0
1
3
2
4
2
2
4
4
2
2
0
4
0
1
8
0
0
2
5
3
7
4
0
1
7
1
5
0
1
4
0
2
1630230104
2
243335428
5
1
1
3
0
1
1
2
0
1
2
2
3
2
3
0
1
3
2
4
2
2
4
4
2
2
0
4
0
1
5
0
0
2
4
3
3
4
0
1
7
1
5
0
1
4
0
2
1630230104
2
243335428
5
1
1
3
0
1
1
2
0
1
2
2
3
2
1
0
1
3
2
4
2
2
4
4
2
2
0
4
0
1
5
0
0
2
4
3
3
4
0
1
7
1
5
0
1
4
0
2
1630230104
2
243335428
5
1
1
3
0
1
1
2
0
1
2
2
3
2
3
0
1
3
2
4
2
2
4
4
2
2
0
4
0
1
5
0
0
2
4
3
1
4
0
1
7
1
5
0
1
4
0
2
1630230104
2
243335428
5
1
1
3
0
1
1
2
0
1
2
2
3
2
3
0
1
3
2
4
2
2
4
4
2
2
0
4
0
1
5
0
0
2
4
3
3
4
0
1
6
1
5
0
1
4
0
2
6
2
243335428
5
1
1
3
0
1
1
2
0
1
2
2
3
2
3
0
1
3
2
4
2
2
4
4
2
2
0
4
0
1
5
0
0
2
4
3
3
4
0
1
1
1
5
0
1
4
0
2
6
2
243335428
5
1
1
3
0
1
1
2
0
1
2
2
3
2
3
0
1
3
2
4
2
2
4
4
2
2
0
4
0
1
5
0
0
2
4
3
3
4
0
1
6
1
5
0
1
4
0
2
6
2
1
5
1
1
3
0
1
1
2
0
1
2
2
3
2
3
0
1
3
2
4
2
2
4
4
2
2
0
4
0
1
5
0
0
2
4
3
1
4
0
1
6
1
5
0
1
4
0
2
6
2
243335428
5
1
1
3
0
1
1
2
0
1
2
2
3
2
3
0
1
3
2
4
2
2
4
4
2
2
0
4
0
1
1
0
0
2
4
3
3
4
0
1
6
1
5
0
1
4
0
2
6
2
243335428
5
1
1
3
0
1
1
2
1
1
2
2
3
2
3
0
1
3
2
4
2
2
4
4
2
2
0
4
0
1
5
0
0
2
4
3
3
4
0
1
6
1
5
0
1
4
0
2
6
2
243335428
5
1
1
3
0
1
1
2
0
1
2
2
3
2
3
0
1
3
2
4
2
2
4
4
2
2
0
4
0
1
6
0
0
2
4
3
3
4
0
1
7
1
6
0
1
4
0
2
5
2
243335428
5
1
1
3
0
1
1
2
0
1
2
2
3
2
3
0
1
3
2
4
2
2
4
4
2
2
0
4
0
1
5
0
0
2
4
3
3
4
0
1
6
1
5
0
1
4
0
2
7
2
243335428
5
1
1
3
0
1
1
2
0
1
2
2
3
2
3
0
1
3
2
4
2
2
4
4
2
2
0
4
0
1
4
0
0
2
3
3
3
4
0
1
6
1
5
0
1
4
0
2
6
2
243335428
5
1
0
3
0
1
1
2
0
1
2
2
3
2
3
0
1
3
2
4
2
2
4
4
2
2
0
4
0
1
5
0
0
2
4
3
3
4
0
1
6
1
5
0
1
4
0
2
6
2
243335428
5
1
1
3
0
1
1
2
0
1
2
2
3
2
3
0
1
3
2
4
2
2
4
4
2
3
0
4
0
1
5
0
0
2
4
3
3
4
0
1
6
1
5
0
1
4
0
2
6
2
243335428
5
1
1
3
0
1
1
2
0
1
2
2
3
2
3
0
1
3
2
4
2
2
4
4
2
4
0
4
0
1
5
0
0
2
4
3
3
4
0
1
6
1
5
0
1
4
0
2
6
2
243335428
5
1
1
3
0
1
1
2
0
1
2
2
3
2
1
0
1
3
2
4
2
2
4
4
2
2
0
4
0
1
5
0
0
2
4
3
3
4
0
1
6
1
5
0
1
4
0
2
6
2
243335428
5
1
1
3
0
1
1
2
0
1
2
2
3
2
3
0
1
3
2
0
2
2
4
4
2
2
0
4
0
1
5
0
0
2
4
3
3
4
0
1
6
1
5
0
1
4
0
2
6
2
243335428
5
1
1
3
0
1
1
2
0
1
2
2
3
2
3
0
1
3
2
4
2
2
4
4
2
1
0
4
0
1
5
0
0
2
4
3
3
4
0
1
6
1
5
0
1
4
0
2
6
2
243335428
5
1
1
3
0
1
1
2
0
1
2
2
3
2
3
0
1
4
2
5
2
3
4
4
2
2
0
4
0
1
5
0
0
2
4
3
3
4
0
1
6
1
5
0
1
4
0
2
6
2
243335428
5
1
1
3
0
1
1
2
0
1
2
2
3
2
3
0
1
3
2
4
2
2
4
4
2
2
0
4
0
1
5
0
0
2
4
3
3
4
0
1
6
1
0
0
1
4
0
2
6
2
243335428
5
1
1
3
0
1
1
2
0
1
2
2
3
2
3
0
1
3
2
4
2
2
4
4
2
2
0
4
0
1
5
0
0
2
4
3
0
4
0
1
6
1
5
0
1
4
0
2
6
2
243335428
5
1
1
3
0
1
2
2
0
1
2
2
3
2
3
0
1
3
2
4
2
2
4
4
2
2
0
4
0
1
5
0
0
2
4
3
3
4
0
1
6
1
5
0
1
4
0
2
6
2
243335428
5
1
1
3
0
1
1
2
0
1
2
2
3
2
3
0
1
3
2
4
2
3
4
4
2
2
0
4
0
1
5
0
0
2
4
3
3
4
0
1
6
1
5
0
1
4
0
2
6
2
243335428
5
1
1
3
0
1
1
2
0
1
2
2
3
2
3
0
1
3
2
4
2
4
4
4
2
2
0
4
0
1
5
0
0
2
4
3
3
4
0
1
6
1
5
0
1
4
0
2
6
2
243335428
5
1
1
3
0
1
1
2
0
1
2
2
3
2
3
0
1
1
2
4
2
2
4
4
2
2
0
4
0
1
5
0
0
2
4
3
3
4
0
1
6
1
5
0
1
4
0
2
6
2
243335428
5
1
1
3
0
1
1
2
0
1
2
2
3
2
2
0
1
3
2
4
2
2
4
4
2
2
0
4
0
1
5
0
0
2
4
3
3
4
0
1
6
1
5
0
1
4
0
2
6
2
243335428
5
1
1
3
0
1
1
2
0
1
2
2
1
2
3
0
1
3
2
4
2
2
4
4
2
2
0
4
0
1
5
0
0
2
4
3
3
4
0
1
6
1
5
0
1
4
0
2
6
2
243335428
5
1
1
3
0
1
1
2
0
1
2
2
3
2
3
0
1
3
2
4
2
2
4
4
2
2
0
4
0
1
4
0
0
2
0
3
3
4
0
1
6
1
5
0
1
4
0
2
6
2
243335428
5
1
1
3
0
1
1
2
0
1
2
2
3
2
3
0
1
3
2
4
2
2
4
4
2
2
0
4
0
1
5
0
0
2
4
3
4
4
0
1
6
1
5
0
1
4
0
2
6
2
243335428
5
1
1
3
0
1
1
2
0
1
2
2
3
2
3
0
1
3
2
4
2
2
4
4
2
2
0
4
0
1
5
0
0
2
4
3
3
4
0
1
0
1
5
0
1
4
0
2
6
2
243335428
5
1
1
3
0
1
1
2
0
1
2
2
3
2
3
0
1
3
2
4
2
2
4
4
2
2
0
4
0
1
5
0
0
2
4
3
3
4
0
1
6
1
5
0
1
6
0
2
6
2
243335428
5
1
1
3
0
1
1
2
0
1
2
2
3
2
3
0
1
3
2
4
2
2
4
4
2
2
0
4
0
1
5
0
0
2
4
3
3
4
0
1
6
1
5
0
1
7
0
2
6
2
243335428
5
1
1
3
0
1
1
2
0
1
2
2
3
2
3
0
1
3
2
4
2
2
4
4
2
2
0
4
0
1
5
0
0
2
4
3
3
4
0
1
6
1
5
0
1
1
0
2
6
2
243335428
5
1
1
3
0
1
1
2
0
1
2
2
3
2
3
0
1
3
2
4
2
2
4
4
2
2
0
4
0
1
5
0
0
2
4
3
5
4
0
1
6
1
5
0
1
4
0
2
6
2
243335428
5
1
1
3
0
1
1
2
0
1
2
2
3
2
3
0
1
3
2
4
2
2
4
4
2
2
0
4
0
1
5
0
0
2
4
3
6
4
0
1
6
1
5
0
1
4
0
2
6
2
243335428
5
1
1
3
0
1
1
2
0
1
2
2
3
2
3
0
1
3
2
4
2
2
4
4
2
2
0
4
0
1
5
0
0
2
4
3
3
4
0
1
6
1
5
0
1
4
0
2
4
2
243335428
5
1
1
3
0
1
1
2
0
1
2
2
3
2
3
0
1
3
2
4
2
2
4
4
2
2
0
4
0
1
5
0
0
2
4
3
3
4
0
1
1
1
5
0
1
4
0
2
4
2
243335428
5
1
1
3
0
1
1
2
0
1
2
2
3
2
3
0
1
3
2
4
2
2
4
4
2
2
0
4
0
1
5
0
0
2
4
3
1
4
0
1
6
1
5
0
1
4
0
2
4
2
243335428
5
1
1
3
0
1
1
2
0
1
2
2
3
2
3
0
1
3
2
4
2
2
4
4
2
2
0
4
0
1
4
0
0
2
1
3
3
4
0
1
6
1
5
0
1
4
0
2
4
2
243335428
5
1
1
3
0
1
1
2
0
1
2
2
3
2
3
0
1
3
2
1
2
2
4
4
2
2
0
4
0
1
5
0
0
2
4
3
3
4
0
1
6
1
5
0
1
4
0
2
4
2
243335428
5
1
1
3
0
1
1
2
0
1
2
2
3
2
3
0
1
3
2
4
2
2
4
4
2
2
0
4
0
1
5
0
0
2
4
3
3
4
0
1
6
1
1
0
1
4
0
2
4
2
243335428
5
1
0
3
0
1
1
2
0
1
2
2
3
2
3
0
1
3
2
4
2
2
4
4
2
2
0
4
0
1
5
0
0
2
4
3
3
4
0
1
6
1
5
0
1
4
0
2
4
2
243335428
5
1
1
3
0
1
1
2
1
1
2
2
3
2
3
0
1
3
2
4
2
2
4
4
2
2
0
4
0
1
5
0
0
2
4
3
3
4
0
1
6
1
5
0
1
4
0
2
4
2
243335428
5
1
1
3
0
1
1
2
0
1
2
2
3
2
3
0
1
3
2
3
2
2
4
4
2
2
0
4
0
1
5
0
0
2
4
3
3
4
0
1
6
1
5
0
1
4
0
2
4
2
243335428
5
1
1
3
0
1
1
2
0
1
2
2
3
2
3
0
1
3
2
4
2
2
4
4
2
2
0
4
0
1
5
0
0
2
4
3
3
4
0
1
6
1
5
0
1
4
0
2
4
2
0
5
1
1
3
0
1
1
2
0
1
2
2
3
2
3
0
1
4
2
5
2
3
4
4
2
2
0
4
0
1
5
0
0
2
4
3
3
4
0
1
6
1
5
0
1
4
0
2
4
2
243335428
5
1
1
3
0
1
1
2
0
1
2
2
3
2
3
0
1
1
2
4
2
2
4
4
2
2
0
4
0
1
5
0
0
2
4
3
3
4
0
1
6
1
5
0
1
4
0
2
4
2
243335428
5
1
1
3
0
1
1
2
0
1
2
2
3
2
3
0
1
3
2
4
2
3
4
4
2
2
0
4
0
1
5
0
0
2
4
3
3
4
0
1
6
1
5
0
1
4
0
2
4
2
243335428
5
1
1
3
0
1
1
2
0
1
2
2
3
2
3
0
1
3
2
4
2
4
4
4
2
2
0
4
0
1
5
0
0
2
4
3
3
4
0
1
6
1
5
0
1
4
0
2
4
2
243335428
5
1
1
3
0
1
1
2
0
1
2
2
3
2
3
0
1
3
2
4
2
2
4
4
2
2
0
4
0
1
5
0
0
2
4
3
4
4
0
1
6
1
5
0
1
4
0
2
4
2
243335428
5
1
1
3
0
1
1
2
0
1
2
2
3
2
3
0
1
3
2
4
2
2
4
4
2
2
0
4
0
1
5
0
0
2
4
3
0
4
0
1
6
1
5
0
1
4
0
2
4
2
243335428
5
1
1
3
0
1
2
2
0
1
2
2
3
2
3
0
1
3
2
4
2
2
4
4
2
2
0
4
0
1
5
0
0
2
4
3
3
4
0
1
6
1
5
0
1
4
0
2
4
2
243335428
5
1
1
3
0
1
1
2
0
1
2
2
3
2
3
0
1
3
2
4
2
2
4
4
2
2
0
4
0
1
5
0
0
2
4
3
3
4
0
1
6
1
0
0
1
4
0
2
4
2
243335428
5
1
1
3
0
1
1
2
0
1
2
2
3
2
3
0
1
3
2
4
2
2
4
4
2
2
0
4
0
1
5
0
0
2
4
3
3
4
0
1
6
1
5
0
1
4
0
2
5
2
243335428
5
1
1
3
0
1
1
2
0
1
2
2
0
2
3
0
1
3
2
4
2
2
4
4
2
2
0
4
0
1
5
0
0
2
4
3
3
4
0
1
6
1
5
0
1
4
0
2
4
2
243335428
5
1
1
3
0
1
1
2
0
1
2
2
3
2
3
0
1
3
2
4
2
2
4
4
2
2
0
4
0
1
5
0
0
2
4
3
3
4
0
1
6
1
5
0
1
4
0
2
4
2
1
5
1
1
3
0
1
1
2
0
1
2
2
3
2
3
0
1
3
2
4
2
2
4
4
2
2
0
4
0
1
5
0
0
2
4
3
5
4
0
1
6
1
5
0
1
4
0
2
4
2
243335428
5
1
1
3
0
1
1
2
0
1
2
2
3
2
3
0
1
3
2
4
2
2
4
4
2
2
0
4
0
1
5
0
0
2
4
3
6
4
0
1
6
1
5
0
1
4
0
2
4
2
243335428
5
1
1
3
0
1
1
2
0
1
2
2
3
2
3
0
1
3
2
4
2
2
4
4
2
2
0
4
0
1
0
0
0
2
4
3
3
4
0
1
6
1
5
0
1
4
0
2
4
2
243335428
5
1
1
3
0
1
1
2
0
1
2
2
3
2
2
0
1
3
2
4
2
2
4
4
2
2
0
4
0
1
5
0
0
2
4
3
3
4
0
1
6
1
5
0
1
4
0
2
4
2
243335428
5
1
1
3
0
1
1
2
0
1
2
2
3
2
3
0
1
3
2
0
2
2
4
4
2
2
0
4
0
1
5
0
0
2
4
3
3
4
0
1
6
1
5
0
1
4
0
2
4
2
243335428
5
1
1
3
0
1
1
2
0
1
2
2
3
2
3
0
1
3
2
4
2
2
4
4
2
2
0
4
0
1
5
0
0
2
4
3
3
4
0
1
7
1
6
0
1
4
0
2
4
2
243335428
5
1
1
3
0
1
1
2
0
1
2
2
3
2
3
0
1
3
2
4
2
2
4
4
2
2
0
4
0
1
4
0
0
2
4
3
3
4
0
1
6
1
5
0
1
4
0
2
4
2
243335428
5
1
1
3
0
1
1
2
0
1
2
2
3
2
3
0
1
3
2
4
2
2
4
4
2
2
0
4
0
1
4
0
0
2
5
3
3
4
0
1
6
1
5
0
1
4
0
2
4
2
243335428
5
1
1
3
0
1
1
2
0
1
2
2
3
2
3
0
1
3
2
4
2
2
4
4
2
2
0
4
0
1
1
0
0
2
4
3
3
4
0
1
6
1
5
0
1
4
0
2
4
2
243335428
5
1
1
3
0
1
1
2
0
1
2
2
3
2
3
0
1
3
2
4
2
2
4
4
2
2
0
4
0
1
5
0
0
2
4
3
3
4
0
1
6
1
5
0
1
6
0
2
4
2
243335428
5
1
1
3
0
1
1
2
0
1
2
2
3
2
3
0
1
3
2
4
2
2
4
4
2
2
0
4
0
1
5
0
0
2
4
3
3
4
0
1
6
1
5
0
1
7
0
2
4
2
243335428
5
1
1
3
0
1
1
2
0
1
2
2
3
2
3
0
1
0
2
4
2
2
4
4
2
2
0
4
0
1
5
0
0
2
4
3
3
4
0
1
6
1
5
0
1
4
0
2
4
2
243335428
5
1
1
3
0
1
1
2
0
1
2
2
2
2
3
0
1
3
2
4
2
2
4
4
2
2
0
4
0
1
5
0
0
2
4
3
3
4
0
1
6
1
5
0
1
4
0
2
4
2
243335428
5
5
5
3
1320008067
3
1297512707
3
141355962
2
1863229946
3
926977289
2
1496322818
2
1090096993
4
1
2004782085
1
879308397
0
3
1985267950
5
3
1320008067
3
1297512707
3
141355962
2
1863229946
3
926977289
2
1496322818
2
1090096993
4
1
2
1
1
0
3
0
5
3
1320008067
3
1297512707
3
141355962
2
1863229946
3
926977289
2
1496322818
2
1090096993
4
1
0
1
0
0
3
0
5
3
1320008067
3
1297512707
3
141355962
2
1863229946
3
926977289
2
1496322818
2
1090096993
4
1
0
1
1
0
3
0
5
3
1320008067
3
1297512707
3
141355962
2
1863229946
3
926977289
2
1496322818
2
1090096993
4
1
1
1
0
0
3
0
5
3
1320008067
3
1297512707
3
141355962
2
1863229946
3
926977289
2
1496322818
2
1090096993
4
1
0
1
2
0
3
1
5
3
1320008067
3
1297512707
3
141355962
2
1863229946
3
926977289
2
1496322818
2
1090096993
4
1
1
1
2
0
3
0
5
3
1320008067
3
1297512707
3
141355962
2
1863229946
3
926977289
2
1496322818
2
1090096993
4
1
0
1
1
0
3
1
5
3
1320008067
3
1297512707
3
141355962
2
1863229946
3
926977289
2
1496322818
2
1090096993
4
1
0
1
1
0
3
2
5
3
1320008067
3
1297512707
3
141355962
2
1863229946
3
926977289
2
1496322818
2
1090096993
4
1
0
1
0
0
3
0
5
4
1
1599956232
0
3
219404332
5
4
1
0
0
3
0
5
4
1
0
0
3
1
5
4
1
1
0
3
0
5
4
1
0
0
3
0
5
1
1663373232
5
3
1289863771
5
2
812012784
2
452258105
1
1393866226
5
5
2
108129291
4
2
2145516717
4
2
218325698
5
5
3
1774760000
3
1175187707
2
233491055
5
5
2
1938005456
1
1722870052
2
44721590
2
317493056
2
1671634940
1
1807358034
1
1601633203
1
1029638690
4
5
2
1938005456
1
1
2
0
2
1
2
1671634940
1
1807358034
1
1601633203
1
1029638690
4
5
2
1938005456
1
1
2
0
2
2
2
1671634940
1
1807358034
1
1601633203
1
1029638690
4
5
2
1938005456
1
1
2
0
2
2
2
2
1
2
1
1
1
1029638690
4
5
2
1938005456
1
1
2
0
2
2
2
2
1
2
1
1
1
0
4
5
2
1938005456
1
0
2
0
2
2
2
2
1
2
1
1
1
1029638690
4
5
2
1938005456
1
1
2
0
2
2
2
2
1
3
1
2
1
1029638690
4
5
2
1938005456
1
1
2
0
2
2
2
1
1
2
1
1
1
1029638690
4
5
2
1938005456
1
1
2
0
2
0
2
2
1
2
1
1
1
1029638690
4
5
2
1938005456
1
1
2
0
2
2
2
2
1
2
1
0
1
1029638690
4
5
2
1938005456
1
1
2
0
2
2
2
2
1
2
1
2
1
1029638690
4
5
2
1938005456
1
1
2
0
2
2
2
2
1
2
1
3
1
1029638690
4
5
2
1938005456
1
1
2
0
2
2
2
0
1
2
1
1
1
1029638690
4
5
2
1938005456
1
1
2
0
2
1
2
2
1
2
1
1
1
1029638690
4
5
2
1938005456
1
1
2
0
2
2
2
2
1
2
1
1
1
1
4
5
2
1938005456
1
1
2
0
2
2
2
2
1
0
1
1
1
1029638690
4
5
2
1938005456
1
1
2
0
2
2
2
2
1
2
1
1
1
2
4
5
3
847180193
4
3
1504122767
0
2
1755863796
4
3
875328603
3
1838563153
2
1563094465
4
4
5
0
1
1986755742
2
287322855
0
1
1208912722
1
274095344
0
2
1557637746
2
14532958
1
164282866
3
638720579
5
0
1
4
2
0
0
1
2
1
1
0
2
3
2
0
1
1
3
638720579
5
0
1
4
2
0
0
1
2
1
1
0
2
3
2
0
1
1
3
0
5
0
1
2
2
0
0
1
1
1
0
0
2
1
2
0
1
1
3
0
5
0
1
3
2
0
0
1
2
1
1
0
2
0
2
0
1
1
3
0
5
0
1
2
2
0
0
1
1
1
0
0
2
1
2
0
1
2
3
0
5
0
1
2
2
0
0
1
1
1
0
0
2
1
2
0
1
3
3
0
5
0
1
2
2
0
0
1
1
1
0
0
2
1
2
0
1
0
3
0
5
0
1
2
2
0
0
1
1
1
0
0
2
1
2
0
1
2
3
0
5
0
1
0
2
0
0
1
1
1
0
0
2
1
2
0
1
0
3
0
5
0
1
0
2
0
0
1
1
1
0
0
2
0
2
0
1
0
3
0
5
0
1
0
2
0
0
1
1
1
0
0
2
2
2
0
1
0
3
0
5
0
1
0
2
0
0
1
0
1
0
0
2
1
2
0
1
0
3
0
5
0
1
0
2
0
0
1
2
1
1
0
2
2
2
0
1
0
3
0
5
0
1
0
2
1
0
1
1
1
0
0
2
1
2
0
1
0
3
0
5
0
1
0
2
0
0
1
2
1
1
0
2
0
2
0
1
0
3
0
5
0
1
0
2
0
0
1
1
1
0
0
2
1
2
0
1
1
3
0
5
0
1
0
2
0
0
1
1
1
0
0
2
1
2
0
1
0
3
1
5
0
1
0
2
0
0
1
1
1
0
0
2
1
2
1
1
0
3
0
5
0
1
1
2
0
0
1
1
1
0
0
2
1
2
0
1
0
3
0
5
0
2
474703833
1
402776296
2
2115697377
0
2
1004957888
1
1611560305
3
2132165123
2
1276878240
0
5
0
2
474703833
1
1
2
2
0
2
0
1
1611560305
3
2132165123
2
1276878240
0
5
0
2
474703833
1
1
2
2
0
2
0
1
0
3
2132165123
2
1276878240
0
5
0
2
474703833
1
1
2
2
0
2
0
1
0
3
1
2
1276878240
0
5
0
2
474703833
1
1
2
2
0
2
0
1
0
3
0
2
1276878240
0
5
0
2
474703833
1
2
2
3
0
2
0
1
1
3
0
2
1276878240
0
5
0
2
474703833
1
0
2
0
0
2
0
1
1
3
0
2
1276878240
0
5
0
2
474703833
1
0
2
0
0
2
0
1
1
3
0
2
0
0
5
0
2
474703833
1
0
2
1
0
2
0
1
1
3
0
2
1276878240
0
5
0
2
474703833
1
0
2
0
0
2
0
1
1
3
0
2
1
0
5
0
2
474703833
1
0
2
0
0
2
0
1
0
3
0
2
1276878240
0
5
0
2
474703833
1
1
2
0
0
2
0
1
1
3
0
2
1276878240
0
5
0
2
474703833
1
1
2
0
0
2
0
1
0
3
0
2
1276878240
0
5
0
2
474703833
1
1
2
0
0
2
0
1
2
3
0
2
1276878240
0
5
0
2
474703833
1
1
2
0
0
2
0
1
1
3
0
2
0
0
5
0
2
474703833
1
1
2
0
0
2
1
1
1
3
0
2
1276878240
0
5
0
2
474703833
1
1
2
0
0
2
0
1
1
3
0
2
1
0
5
0
2
474703833
1
1
2
0
0
2
0
1
1
3
1
2
1276878240
0
5
0
2
474703833
1
0
2
0
0
2
0
1
1
3
0
2
1276878240
0
5
1
1569137478
1
284579572
3
203454746
2
299870696
4
5
1
2
1
1
3
0
2
0
4
5
1
0
1
0
3
0
2
0
4
5
1
0
1
0
3
1
2
0
4
5
1
0
1
1
3
1
2
0
4
5
1
0
1
1
3
0
2
0
4
5
1
1
1
0
3
0
2
0
4
5
1
1
1
2
3
1
2
0
4
5
1
0
1
2
3
0
2
1
4
5
1
0
1
1
3
0
2
1
4
5
1
0
1
1
3
0
2
2
4
5
1
0
1
2
3
1
2
0
4
5
1
1
1
2
3
0
2
0
4
5
1
0
1
1
3
1
2
0
4
5
1
0
1
1
3
2
2
0
4
5
1
0
1
0
3
0
2
0
4
5
0
3
1783765872
1
119119253
3
1652672920
3
2102625468
2
285353625
2
307317398
0
5
0
3
1783765872
1
0
3
1
3
0
2
285353625
2
307317398
0
5
0
3
1783765872
1
1
3
0
3
0
2
285353625
2
307317398
0
5
0
3
1783765872
1
1
3
0
3
0
2
0
2
307317398
0
5
0
3
1783765872
1
1
3
0
3
0
2
0
2
1
0
5
0
3
1783765872
1
0
3
0
3
0
2
0
2
1
0
5
0
3
1783765872
1
1
3
0
3
0
2
1
2
1
0
5
0
3
1783765872
1
1
3
0
3
0
2
0
2
0
0
5
0
3
1783765872
1
1
3
0
3
1
2
0
2
1
0
5
0
3
1783765872
1
1
3
0
3
0
2
0
2
2
0
5
3
1754160856
5
3
218911195
2
1679969642
3
1560897044
1
1866219417
0
4
0
1
1001712035
2
107613932
4
5
3
218911195
2
1679969642
3
1560897044
1
0
0
4
0
1
0
2
107613932
4
5
3
218911195
2
1679969642
3
1560897044
1
0
0
4
0
1
0
2
0
4
5
3
218911195
2
1679969642
3
1560897044
1
0
0
4
0
1
1
2
0
4
5
3
218911195
2
1679969642
3
1560897044
1
1
0
4
0
1
0
2
0
4
5
3
218911195
2
1679969642
3
1560897044
1
0
0
4
0
1
2
2
1
4
5
3
218911195
2
1679969642
3
1560897044
1
1
0
4
0
1
2
2
0
4
5
3
218911195
2
1679969642
3
1560897044
1
0
0
4
0
1
1
2
1
4
5
3
218911195
2
1679969642
3
1560897044
1
0
0
4
0
1
1
2
2
4
5
3
218911195
2
1679969642
3
1560897044
1
0
0
4
0
1
0
2
0
4
5
4
5
4
5
2
1866420863
1
1322473015
5
0
1
2047760026
1
153031995
5
0
1
0
1
0
5
0
1
0
1
1
5
0
1
1
1
0
5
0
1
0
1
0
5
3
722073302
3
1558211916
1
1490345321
2
127701460
1
1626335878
2
937343562
5
3
722073302
3
1558211916
1
1
2
0
1
1
2
937343562
5
3
722073302
3
1558211916
1
1
2
0
1
0
2
937343562
5
3
722073302
3
1558211916
1
1
2
0
1
0
2
0
5
3
722073302
3
1558211916
1
1
2
0
1
1
2
0
5
3
722073302
3
1558211916
1
2
2
0
1
1
2
0
5
3
722073302
3
1558211916
1
0
2
0
1
0
2
0
5
3
722073302
3
1558211916
1
0
2
1
1
0
2
0
5
3
722073302
3
1558211916
1
0
2
0
1
1
2
0
5
3
722073302
3
1558211916
1
0
2
0
1
0
2
1
5
3
722073302
3
1558211916
1
1
2
0
1
0
2
0
5
4
0
0
1
1131356400
0
2
1829032332
2
537158953
1
1635037190
5
4
0
0
1
0
0
2
0
2
537158953
1
1635037190
5
4
0
0
1
1
0
2
0
2
537158953
1
1635037190
5
4
0
0
1
0
0
2
1
2
537158953
1
1635037190
5
2
1244505451
0
3
918412194
0
5
5
5
5
3
1946875657
5
2
60162505
4
3
482403396
5
0
1
727683603
4
1
423023891
2
496253932
3
1573631117
5
0
1
3
4
1
1
2
2
3
0
5
0
1
2
4
1
1
2
0
3
0
5
0
1
0
4
1
0
2
0
3
0
5
0
1
0
4
1
1
2
0
3
0
5
0
1
1
4
1
0
2
0
3
0
5
0
1
0
4
1
1
2
0
3
1
5
0
1
1
4
1
0
2
0
3
1
5
0
1
1
4
1
2
2
0
3
1
5
0
1
1
4
1
0
2
0
3
1
5
0
1
0
4
1
1
2
0
3
1
5
0
1
1
4
1
3
2
0
3
2
5
0
1
1
4
1
2
2
0
3
0
5
0
1
1
4
1
2
2
0
3
2
5
0
1
1
4
1
2
2
0
3
3
5
0
1
0
4
1
0
2
0
3
1
5
0
2
2019781874
3
1097731017
4
3
1305374462
2
1828891993
4
2
2054046798
1
2098537394
2
1228121868
4
0
2
2103364492
1
1865023629
1
1925084409
4
3
1151369211
4
2
1062105660
4
2
934403886
1
629402349
5
0
2
2019781874
3
1097731017
4
3
1305374462
2
1828891993
4
2
2054046798
1
1
2
0
4
0
2
2
1
0
1
0
4
3
1151369211
4
2
1062105660
4
2
934403886
1
629402349
5
0
2
2019781874
3
1097731017
4
3
1305374462
2
1828891993
4
2
2054046798
1
1
2
0
4
0
2
2
1
0
1
0
4
3
2
4
2
0
4
2
934403886
1
629402349
5
0
2
2019781874
3
1097731017
4
3
1305374462
2
1828891993
4
2
2054046798
1
1
2
0
4
0
2
2
1
0
1
0
4
3
1
4
2
0
4
2
934403886
1
629402349
5
0
2
2019781874
3
1097731017
4
3
1305374462
2
1828891993
4
2
2054046798
1
1
2
0
4
0
2
2
1
0
1
0
4
3
0
4
2
0
4
2
934403886
1
629402349
5
0
2
2019781874
3
1097731017
4
3
1305374462
2
1828891993
4
2
2054046798
1
2
2
0
4
0
2
3
1
1
1
0
4
3
0
4
2
0
4
2
934403886
1
629402349
5
0
2
2019781874
3
1097731017
4
3
1305374462
2
1828891993
4
2
2054046798
1
2
2
0
4
0
2
3
1
0
1
1
4
3
0
4
2
0
4
2
934403886
1
629402349
5
0
2
2019781874
3
1097731017
4
3
1305374462
2
1828891993
4
2
2054046798
1
1
2
0
4
0
2
2
1
0
1
0
4
3
0
4
2
0
4
2
1
1
629402349
5
0
2
2019781874
3
1097731017
4
3
1305374462
2
1828891993
4
2
2054046798
1
2
2
0
4
0
2
3
1
1
1
0
4
3
0
4
2
0
4
2
1
1
629402349
5
0
2
2019781874
3
1097731017
4
3
1305374462
2
1828891993
4
2
2054046798
1
2
2
0
4
0
2
3
1
0
1
1
4
3
0
4
2
0
4
2
1
1
629402349
5
0
2
2019781874
3
1097731017
4
3
1305374462
2
1828891993
4
2
2054046798
1
1
2
0
4
0
2
0
1
0
1
0
4
3
0
4
2
0
4
2
1
1
629402349
5
0
2
2019781874
3
1097731017
4
3
1305374462
2
1828891993
4
2
2054046798
1
1
2
0
4
0
2
1
1
0
1
0
4
3
0
4
2
0
4
2
1
1
629402349
5
0
2
2019781874
3
1097731017
4
3
1305374462
2
1828891993
4
2
2054046798
1
1
2
0
4
0
2
2
1
0
1
1
4
3
0
4
2
0
4
2
1
1
629402349
5
0
2
2019781874
3
1097731017
4
3
1305374462
2
1828891993
4
2
2054046798
1
1
2
0
4
0
2
2
1
0
1
2
4
3
0
4
2
0
4
2
1
1
629402349
5
0
2
2019781874
3
1097731017
4
3
1305374462
2
1828891993
4
2
2054046798
1
0
2
0
4
0
2
2
1
0
1
0
4
3
0
4
2
0
4
2
1
1
629402349
5
0
2
2019781874
3
1097731017
4
3
1305374462
2
1828891993
4
2
2054046798
1
1
2
0
4
0
2
2
1
1
1
0
4
3
0
4
2
0
4
2
1
1
629402349
5
0
2
2019781874
3
1097731017
4
3
1305374462
2
1828891993
4
2
2054046798
1
1
2
0
4
0
2
2
1
0
1
0
4
3
0
4
2
0
4
2
2
1
629402349
5
0
2
2019781874
3
1097731017
4
3
1305374462
2
1828891993
4
2
2054046798
1
1
2
0
4
0
2
2
1
0
1
0
4
3
0
4
2
1
4
2
1
1
629402349
5
0
2
2019781874
3
1097731017
4
3
1305374462
2
1828891993
4
2
2054046798
1
1
2
0
4
0
2
2
1
0
1
0
4
3
0
4
2
2
4
2
1
1
629402349
5
0
2
2019781874
3
1097731017
4
3
1305374462
2
1828891993
4
2
2054046798
1
2
2
0
4
0
2
3
1
1
1
1
4
3
1
4
2
0
4
2
1
1
629402349
5
0
2
2019781874
3
1097731017
4
3
1305374462
2
1828891993
4
2
2054046798
1
2
2
0
4
0
2
3
1
0
1
0
4
3
0
4
2
1
4
2
1
1
629402349
5
0
2
2019781874
3
1097731017
4
3
1305374462
2
1828891993
4
2
2054046798
1
2
2
0
4
0
2
3
1
0
1
0
4
3
1
4
2
0
4
2
1
1
629402349
5
0
2
2019781874
3
1097731017
4
3
1305374462
2
1828891993
4
2
2054046798
1
2
2
0
4
0
2
3
1
1
1
1
4
3
0
4
2
0
4
2
1
1
629402349
5
0
2
2019781874
3
1097731017
4
3
1305374462
2
1828891993
4
2
2054046798
1
1
2
0
4
0
2
2
1
0
1
0
4
3
0
4
2
0
4
2
0
1
629402349
5
0
2
2019781874
3
1097731017
4
3
1305374462
2
1828891993
4
2
2054046798
1
1
2
0
4
0
2
2
1
0
1
0
4
3
1
4
2
0
4
2
1
1
629402349
5
0
2
2019781874
3
1097731017
4
3
1305374462
2
1828891993
4
2
2054046798
1
1
2
0
4
0
2
2
1
0
1
0
4
3
2
4
2
0
4
2
1
1
629402349
5
2
1487934755
3
22139541
1
169588172
2
1777049239
4
3
1328327061
5
2
1487934755
3
22139541
1
1
2
0
4
3
1328327061
5
2
1487934755
3
22139541
1
1
2
0
4
3
1
5
2
1487934755
3
22139541
1
1
2
0
4
3
0
5
2
1487934755
3
22139541
1
1
2
0
4
3
1
5
2
1487934755
3
22139541
1
0
2
0
4
3
0
5
2
1487934755
3
22139541
1
0
2
1
4
3
0
5
2
1487934755
3
22139541
1
1
2
0
4
3
0
5
5
0
0
5
5
5
3
2036507922
2
985169859
4
1
2146634528
0
1
215868133
0
5
3
2036507922
2
985169859
4
1
0
0
1
0
0
5
3
2036507922
2
985169859
4
1
0
0
1
1
0
5
3
2036507922
2
985169859
4
1
1
0
1
0
0
5
3
2036507922
2
985169859
4
1
0
0
1
0
0
5
1
1410892207
0
4
1
813343490
3
650267041
2
150601019
3
1711223926
2
1005341826
1
683842993
0
1
1071864672
2
526590619
2
887643664
5
1
2
0
4
1
1
3
0
2
0
3
3
2
1
1
683842993
0
1
1071864672
2
526590619
2
887643664
5
1
2
0
4
1
1
3
0
2
0
3
3
2
1
1
3
0
1
3
2
526590619
2
887643664
5
1
2
0
4
1
1
3
0
2
0
3
2
2
1
1
3
0
1
3
2
526590619
2
887643664
5
1
2
0
4
1
1
3
0
2
0
3
1
2
1
1
3
0
1
3
2
526590619
2
887643664
5
1
2
0
4
1
1
3
0
2
0
3
1
2
1
1
3
0
1
3
2
2
2
887643664
5
1
2
0
4
1
1
3
0
2
0
3
1
2
1
1
3
0
1
0
2
526590619
2
887643664
5
1
2
0
4
1
1
3
0
2
0
3
1
2
1
1
3
0
1
2
2
526590619
2
887643664
5
1
2
0
4
1
1
3
0
2
0
3
1
2
1
1
3
0
1
4
2
526590619
2
887643664
5
1
2
0
4
1
1
3
0
2
0
3
1
2
1
1
3
0
1
3
2
0
2
887643664
5
1
2
0
4
1
1
3
0
2
0
3
1
2
1
1
3
0
1
3
2
3
2
887643664
5
1
1
0
4
1
0
3
0
2
0
3
1
2
1
1
3
0
1
3
2
526590619
2
887643664
5
1
1
0
4
1
0
3
0
2
0
3
1
2
1
1
1
0
1
0
2
526590619
2
887643664
5
1
1
0
4
1
0
3
0
2
0
3
1
2
1
1
0
0
1
1
2
526590619
2
887643664
5
1
2
0
4
1
0
3
0
2
1
3
1
2
1
1
3
0
1
3
2
526590619
2
887643664
5
1
1
0
4
1
0
3
0
2
0
3
1
2
1
1
1
0
1
1
2
0
2
887643664
5
1
0
0
4
1
0
3
0
2
0
3
1
2
1
1
3
0
1
3
2
526590619
2
887643664
5
1
1
0
4
1
0
3
0
2
0
3
1
2
1
1
0
0
1
0
2
0
2
887643664
5
1
1
0
4
1
0
3
0
2
1
3
1
2
1
1
3
0
1
3
2
526590619
2
887643664
5
1
1
0
4
1
0
3
0
2
2
3
1
2
1
1
3
0
1
3
2
526590619
2
887643664
5
1
1
0
4
1
0
3
0
2
0
3
1
2
1
1
1
0
1
1
2
2
2
0
5
1
1
0
4
1
0
3
0
2
0
3
1
2
2
1
3
0
1
3
2
526590619
2
887643664
5
1
1
0
4
1
0
3
0
2
0
3
1
2
1
1
0
0
1
0
2
1
2
0
5
1
2
0
4
1
0
3
1
2
0
3
1
2
1
1
3
0
1
3
2
526590619
2
887643664
5
1
2
0
4
1
1
3
1
2
0
3
1
2
1
1
3
0
1
3
2
526590619
2
887643664
5
1
2
0
4
1
1
3
0
2
0
3
1
2
1
1
3
0
1
3
2
526590619
2
887643664
5
1
1
0
4
1
0
3
0
2
0
3
2
2
1
1
3
0
1
3
2
526590619
2
887643664
5
1
1
0
4
1
0
3
0
2
0
3
0
2
1
1
3
0
1
3
2
526590619
2
887643664
5
1
1
0
4
1
0
3
1
2
0
3
1
2
1
1
3
0
1
3
2
526590619
2
887643664
5
1
1
0
4
1
0
3
2
2
0
3
1
2
1
1
3
0
1
3
2
526590619
2
887643664
5
1
1
0
4
1
0
3
0
2
0
3
1
2
0
1
3
0
1
3
2
526590619
2
887643664
5
3
1937487264
5
1
1181648198
5
2
843859356
0
3
1227070027
3
1628542823
1
1496766262
3
1053505060
0
3
303197782
2
1594986475
2
196326952
3
1841091584
1
197306720
5
2
843859356
0
3
1227070027
3
1628542823
1
1
3
0
0
3
0
2
2
2
0
3
2
1
1
5
2
843859356
0
3
1227070027
3
1628542823
1
1
3
0
0
3
0
2
1
2
0
3
2
1
1
5
2
843859356
0
3
1227070027
3
1628542823
1
0
3
0
0
3
0
2
1
2
0
3
2
1
1
5
2
843859356
0
3
1227070027
3
1628542823
1
0
3
0
0
3
0
2
0
2
0
3
2
1
1
5
2
843859356
0
3
1227070027
3
1628542823
1
1
3
1
0
3
1
2
2
2
0
3
2
1
1
5
2
843859356
0
3
1227070027
3
1628542823
1
0
3
0
0
3
0
2
1
2
1
3
2
1
1
5
2
843859356
0
3
1227070027
3
1628542823
1
1
3
1
0
3
1
2
2
2
2
3
2
1
0
5
2
843859356
0
3
1227070027
3
1628542823
1
1
3
1
0
3
1
2
0
2
1
3
2
1
1
5
2
843859356
0
3
1227070027
3
1628542823
1
0
3
0
0
3
0
2
1
2
0
3
2
1
1
5
2
843859356
0
3
1227070027
3
1628542823
1
0
3
1
0
3
0
2
1
2
1
3
2
1
1
5
2
843859356
0
3
1227070027
3
1628542823
1
1
3
1
0
3
1
2
2
2
0
3
2
1
1
5
2
843859356
0
3
1227070027
3
1628542823
1
1
3
1
0
3
1
2
2
2
2
3
0
1
1
5
2
843859356
0
3
1227070027
3
1628542823
1
0
3
0
0
3
0
2
0
2
1
3
2
1
1
5
2
843859356
0
3
1227070027
3
1628542823
1
0
3
0
0
3
1
2
1
2
1
3
2
1
1
5
2
843859356
0
3
1227070027
3
1628542823
1
1
3
0
0
3
0
2
1
2
1
3
2
1
1
5
2
843859356
0
3
1227070027
3
1628542823
1
1
3
1
0
3
0
2
1
2
1
3
2
1
1
5
2
843859356
0
3
1227070027
3
1628542823
1
0
3
0
0
3
0
2
1
2
1
3
0
1
1
5
2
843859356
0
3
1227070027
3
1628542823
1
0
3
0
0
3
0
2
1
2
1
3
1
1
0
5
4
1
2020820115
0
2
2108400742
3
1058822747
2
2106897235
3
1346216843
3
1348414680
3
1485265986
0
5
4
1
0
0
2
0
3
1058822747
2
2106897235
3
1346216843
3
1348414680
3
1485265986
0
5
4
1
1
0
2
0
3
1058822747
2
2106897235
3
1346216843
3
1348414680
3
1485265986
0
5
4
1
1
0
2
0
3
2
2
2
3
2
3
1
3
1485265986
0
5
4
1
0
0
2
0
3
2
2
2
3
2
3
1
3
1485265986
0
5
4
1
1
0
2
0
3
2
2
0
3
2
3
1
3
1485265986
0
5
4
1
1
0
2
0
3
2
2
1
3
2
3
1
3
1485265986
0
5
4
1
1
0
2
0
3
0
2
2
3
2
3
1
3
1485265986
0
5
4
1
1
0
2
0
3
2
2
2
3
2
3
2
3
1485265986
0
5
4
1
1
0
2
0
3
2
2
2
3
2
3
0
3
1485265986
0
5
4
1
1
0
2
0
3
2
2
2
3
2
3
1
3
0
0
5
4
1
1
0
2
0
3
2
2
2
3
0
3
1
3
1485265986
0
5
4
1
1
0
2
0
3
1
2
2
3
2
3
1
3
1485265986
0
5
1
306177856
2
1124049648
2
391235227
1
296721007
2
1953973726
1
1596843959
3
93806395
5
1
1
2
2
2
2
1
0
2
2
1
0
3
93806395
5
1
0
2
0
2
2
1
0
2
2
1
0
3
93806395
5
1
1
2
0
2
2
1
0
2
2
1
0
3
93806395
5
1
1
2
0
2
2
1
0
2
2
1
0
3
1
5
1
1
2
0
2
2
1
0
2
0
1
0
3
1
5
1
1
2
0
2
2
1
0
2
0
1
0
3
0
5
1
2
2
0
2
3
1
0
2
1
1
0
3
0
5
1
1
2
0
2
2
1
1
2
0
1
0
3
0
5
1
2
2
0
2
3
1
1
2
0
1
0
3
0
5
1
0
2
0
2
2
1
0
2
0
1
0
3
0
5
1
1
2
0
2
1
1
0
2
0
1
0
3
0
5
1
1
2
0
2
2
1
0
2
0
1
1
3
0
5
1
1
2
0
2
2
1
0
2
0
1
2
3
0
5
1
1
2
0
2
2
1
0
2
1
1
0
3
0
5
1
1
2
0
2
2
1
0
2
2
1
0
3
0
5
1
1
2
0
2
0
1
0
2
0
1
0
3
0
5
1
2
2
0
2
3
1
0
2
0
1
1
3
0
5
1
2
2
0
2
3
1
0
2
0
1
0
3
1
5
1
1
2
0
2
2
1
0
2
0
1
0
3
1
5
1
1
2
0
2
2
1
0
2
0
1
0
3
2
5
3
1919815714
0
5
2
1642760390
4
4
0
0
4
3
1638264776
2
1194850799
1
1732072490
2
1862288887
5
2
1642760390
4
4
0
0
4
3
1638264776
2
1194850799
1
0
2
0
5
2
1642760390
4
4
0
0
4
3
1638264776
2
1194850799
1
1
2
0
5
2
1642760390
4
4
0
0
4
3
1638264776
2
1194850799
1
0
2
0
5
5
4
3
528919522
0
0
5
1
1736507236
3
1703042244
0
0
3
274393786
2
108619871
2
1759737028
2
834769539
5
1
1
3
0
0
0
3
0
2
0
2
1
2
834769539
5
1
0
3
0
0
0
3
0
2
0
2
1
2
834769539
5
1
0
3
1
0
0
3
0
2
0
2
1
2
834769539
5
1
1
3
2
0
0
3
1
2
0
2
1
2
834769539
5
1
0
3
1
0
0
3
0
2
1
2
1
2
834769539
5
1
0
3
1
0
0
3
1
2
0
2
1
2
834769539
5
1
1
3
2
0
0
3
0
2
0
2
1
2
834769539
5
1
1
3
0
0
0
3
0
2
0
2
1
2
834769539
5
1
0
3
0
0
0
3
0
2
0
2
1
2
834769539
5
2
186053770
0
4
5
5
4
4
3
1881307766
1
1665141684
2
1326945668
0
0
4
1
242290850
5
4
4
3
1881307766
1
0
2
0
0
0
4
1
242290850
5
4
4
3
1881307766
1
0
2
1
0
0
4
1
242290850
5
4
4
3
1881307766
1
0
2
1
0
0
4
1
0
5
4
4
3
1881307766
1
1
2
2
0
0
4
1
0
5
4
4
3
1881307766
1
0
2
1
0
0
4
1
1
5
4
4
3
1881307766
1
0
2
0
0
0
4
1
0
5
4
4
3
1881307766
1
1
2
0
0
0
4
1
0
5
3
1147949214
2
1305218946
0
5
4
2
1458482868
4
5
5
5
2
243899366
4
2
1428188103
3
358408240
2
115902273
5
1
1315126419
1
1186032821
0
2
2122416783
1
1982199522
0
4
1
1587496825
5
1
1
1
0
0
2
2
1
1
0
4
1
1587496825
5
1
2
1
1
0
2
0
1
1
0
4
1
1587496825
5
1
1
1
0
0
2
0
1
1
0
4
1
1587496825
5
1
1
1
0
0
2
0
1
1
0
4
1
0
5
1
1
1
0
0
2
0
1
2
0
4
1
1587496825
5
1
2
1
0
0
2
1
1
1
0
4
1
1587496825
5
1
2
1
1
0
2
0
1
1
0
4
1
1587496825
5
1
1
1
0
0
2
0
1
0
0
4
1
1587496825
5
1
0
1
0
0
2
0
1
1
0
4
1
1587496825
5
1
1
1
0
0
2
0
1
1
0
4
1
1587496825
5
1
0
1
1
0
2
0
1
1
0
4
1
1587496825
5
1
0
1
0
0
2
1
1
1
0
4
1
1587496825
5
1
1
1
1
0
2
0
1
1
0
4
1
1587496825
5
1
0
1
0
0
2
0
1
1
0
4
1
0
5
1
0
1
0
0
2
0
1
0
0
4
1
0
5
5
4
4
1
1055825819
2
593441584
0
0
1
2138517985
1
2056472931
5
4
4
1
1
2
0
0
0
1
1
1
2056472931
5
4
4
1
1
2
0
0
0
1
1
1
0
5
4
4
1
0
2
0
0
0
1
1
1
0
5
4
4
1
0
2
1
0
0
1
1
1
0
5
4
4
1
1
2
2
0
0
1
0
1
0
5
4
4
1
0
2
1
0
0
1
2
1
1
5
4
4
1
0
2
1
0
0
1
1
1
1
5
4
4
1
0
2
1
0
0
1
1
1
2
5
4
4
1
0
2
0
0
0
1
1
1
0
5
4
4
1
1
2
0
0
0
1
1
1
0
5
4
4
1
1
2
2
0
0
1
2
1
0
5
4
4
1
0
2
1
0
0
1
0
1
0
5
2
1471063676
5
2
882842149
3
1745093658
5
3
101468942
3
649145242
1
1703998975
5
2
686026013
5
4
5
0
0
1
301397419
3
1459423222
2
680994021
1
1523321840
3
341322741
4
3
399849904
4
2
1160017786
2
204443787
1
552143099
3
435298615
4
1
1754457012
2
1700774423
2
892130730
3
907727426
1
1822178848
0
3
1724392564
1
1743865144
5
0
0
1
1
3
2
2
2
1
5
3
2
4
3
2
4
2
2
2
0
1
3
3
2
4
1
7
2
6
2
4
3
4
1
8
0
3
6
1
5
5
0
0
1
0
3
1
2
1
1
2
3
1
4
3
1
4
2
0
2
0
1
3
3
2
4
1
7
2
6
2
4
3
4
1
8
0
3
6
1
5
5
0
0
1
0
3
1
2
1
1
2
3
1
4
3
1
4
2
0
2
0
1
3
3
2
4
1
2
2
6
2
4
3
4
1
8
0
3
6
1
5
5
0
0
1
0
3
1
2
1
1
2
3
1
4
3
1
4
2
0
2
0
1
3
3
2
4
1
5
2
4
2
4
3
4
1
6
0
3
2
1
5
5
0
0
1
1
3
2
2
0
1
2
3
1
4
3
1
4
2
0
2
0
1
3
3
2
4
1
7
2
6
2
4
3
4
1
8
0
3
6
1
5
5
0
0
1
0
3
1
2
1
1
2
3
1
4
3
1
4
2
0
2
0
1
3
3
2
4
1
5
2
4
2
4
3
4
1
2
0
3
6
1
5
5
0
0
1
0
3
1
2
1
1
2
3
1
4
3
1
4
2
1
2
0
1
3
3
2
4
1
7
2
6
2
4
3
4
1
8
0
3
6
1
5
5
0
0
1
0
3
1
2
1
1
2
3
1
4
3
1
4
2
0
2
0
1
3
3
2
4
1
5
2
4
2
4
3
2
1
8
0
3
6
1
5
5
0
0
1
0
3
1
2
1
1
2
3
1
4
3
1
4
2
0
2
0
1
3
3
2
4
1
5
2
4
2
3
3
4
1
8
0
3
6
1
5
5
0
0
1
0
3
1
2
1
1
2
3
1
4
3
1
4
2
0
2
0
1
3
3
2
4
1
5
2
4
2
2
3
4
1
8
0
3
6
1
5
5
0
0
1
0
3
1
2
1
1
2
3
1
4
3
1
4
2
0
2
2
1
3
3
2
4
1
7
2
6
2
4
3
4
1
8
0
3
6
1
5
5
0
0
1
0
3
1
2
1
1
2
3
1
4
3
1
4
2
0
2
2
1
0
3
0
4
1
7
2
6
2
4
3
4
1
8
0
3
6
1
5
5
0
0
1
0
3
1
2
1
1
2
3
1
4
3
1
4
2
0
2
2
1
1
3
0
4
1
2
2
0
2
4
3
4
1
8
0
3
6
1
5
5
0
0
1
0
3
1
2
0
1
2
3
1
4
3
1
4
2
0
2
2
1
3
3
2
4
1
7
2
6
2
4
3
4
1
8
0
3
6
1
5
5
0
0
1
0
3
1
2
1
1
2
3
1
4
3
1
4
2
0
2
3
1
3
3
2
4
1
7
2
6
2
4
3
4
1
8
0
3
6
1
5
5
0
0
1
0
3
1
2
1
1
2
3
1
4
3
1
4
2
0
2
2
1
1
3
0
4
1
2
2
2
2
4
3
4
1
8
0
3
6
1
5
5
0
0
1
0
3
1
2
1
1
2
3
1
4
3
1
4
2
0
2
2
1
1
3
0
4
1
2
2
3
2
4
3
4
1
8
0
3
6
1
5
5
0
0
1
0
3
1
2
1
1
2
3
1
4
3
1
4
2
0
2
2
1
1
3
0
4
1
3
2
2
2
2
3
2
1
1
0
3
6
1
5
5
0
0
1
1
3
2
2
0
1
2
3
1
4
3
1
4
2
0
2
2
1
3
3
2
4
1
7
2
6
2
4
3
4
1
8
0
3
6
1
5
5
0
0
1
0
3
1
2
1
1
2
3
1
4
3
1
4
2
0
2
2
1
1
3
0
4
1
3
2
2
2
1
3
4
1
8
0
3
6
1
5
5
0
0
1
0
3
1
2
1
1
2
3
1
4
3
1
4
2
1
2
2
1
3
3
2
4
1
7
2
6
2
4
3
4
1
8
0
3
6
1
5
5
0
0
1
1
3
2
2
2
1
2
3
0
4
3
1
4
2
0
2
2
1
3
3
2
4
1
7
2
6
2
4
3
4
1
8
0
3
6
1
5
5
0
0
1
0
3
1
2
1
1
2
3
1
4
3
1
4
2
0
2
2
1
1
3
0
4
1
3
2
2
2
3
3
4
1
8
0
3
6
1
5
5
0
0
1
0
3
1
2
1
1
2
3
1
4
3
1
4
2
0
2
2
1
1
3
0
4
1
3
2
2
2
4
3
4
1
8
0
3
6
1
5
5
0
0
1
0
3
1
2
1
1
2
3
1
4
3
1
4
2
0
2
2
1
1
3
0
4
1
3
2
2
2
0
3
4
1
8
0
3
6
1
5
5
0
0
1
0
3
1
2
1
1
2
3
1
4
3
1
4
2
0
2
2
1
1
3
0
4
1
3
2
2
2
2
3
2
1
0
0
3
6
1
5
5
0
0
1
0
3
1
2
1
1
2
3
1
4
3
1
4
2
0
2
2
1
1
3
0
4
1
2
2
1
2
4
3
4
1
8
0
3
6
1
5
5
0
0
1
0
3
1
2
1
1
2
3
1
4
3
1
4
2
0
2
2
1
1
3
0
4
1
3
2
2
2
2
3
2
1
4
0
3
2
1
3
5
0
0
1
0
3
1
2
1
1
2
3
1
4
3
1
4
2
0
2
2
1
1
3
0
4
1
3
2
2
2
2
3
2
1
5
0
3
2
1
4
5
0
0
1
0
3
1
2
1
1
2
3
1
4
3
2
4
2
0
2
2
1
3
3
2
4
1
7
2
6
2
4
3
4
1
8
0
3
6
1
5
5
0
0
1
0
3
1
2
1
1
2
3
1
4
3
3
4
2
0
2
2
1
3
3
2
4
1
7
2
6
2
4
3
4
1
8
0
3
6
1
5
5
0
0
1
0
3
1
2
1
1
2
3
1
4
3
1
4
2
0
2
2
1
1
3
0
4
1
3
2
2
2
2
3
0
1
8
0
3
6
1
5
5
0
0
1
0
3
1
2
1
1
2
3
1
4
3
1
4
2
0
2
0
1
3
3
2
4
1
7
2
6
2
4
3
4
1
8
0
3
6
1
5
5
0
0
1
0
3
1
2
1
1
2
3
1
4
3
1
4
2
2
2
2
1
3
3
2
4
1
7
2
6
2
4
3
4
1
8
0
3
6
1
5
5
0
0
1
0
3
1
2
1
1
2
3
1
4
3
1
4
2
3
2
2
1
3
3
2
4
1
7
2
6
2
4
3
4
1
8
0
3
6
1
5
5
0
0
1
1
3
2
2
2
1
0
3
1
4
3
1
4
2
0
2
2
1
3
3
2
4
1
7
2
6
2
4
3
4
1
8
0
3
6
1
5
5
0
0
1
0
3
1
2
1
1
1
3
1
4
3
1
4
2
0
2
2
1
3
3
2
4
1
7
2
6
2
4
3
4
1
8
0
3
6
1
5
5
0
0
1
0
3
1
2
1
1
1
3
2
4
3
1
4
2
0
2
2
1
3
3
2
4
1
7
2
6
2
4
3
4
1
8
0
3
6
1
5
5
0
0
1
0
3
1
2
1
1
2
3
1
4
3
1
4
2
0
2
2
1
1
3
0
4
1
3
2
2
2
2
3
2
1
4
0
3
0
1
5
5
0
0
1
1
3
2
2
2
1
3
3
2
4
3
2
4
2
0
2
2
1
3
3
2
4
1
7
2
6
2
4
3
4
1
8
0
3
6
1
5
5
0
0
1
0
3
1
2
1
1
2
3
1
4
3
1
4
2
0
2
2
1
1
3
0
4
1
3
2
2
2
2
3
2
1
4
0
3
2
1
0
5
0
0
1
0
3
1
2
1
1
2
3
1
4
3
1
4
2
0
2
2
1
1
3
0
4
1
3
2
2
2
2
3
2
1
4
0
3
2
1
4
5
0
0
1
0
3
1
2
1
1
2
3
1
4
3
1
4
2
0
2
2
1
1
3
0
4
1
3
2
2
2
2
3
2
1
4
0
3
2
1
5
5
0
0
1
1
3
0
2
1
1
2
3
1
4
3
1
4
2
0
2
2
1
3
3
2
4
1
7
2
6
2
4
3
4
1
8
0
3
6
1
5
5
0
0
1
0
3
1
2
1
1
2
3
1
4
3
1
4
2
0
2
2
1
1
3
0
4
1
3
2
2
2
2
3
2
1
4
0
3
4
1
5
5
0
0
1
0
3
1
2
1
1
2
3
1
4
3
1
4
2
0
2
2
1
1
3
0
4
1
3
2
2
2
2
3
2
1
4
0
3
5
1
5
5
0
0
1
0
3
1
2
1
1
2
3
1
4
3
1
4
2
0
2
2
1
1
3
0
4
1
0
2
6
2
4
3
4
1
8
0
3
6
1
5
5
0
0
1
0
3
1
2
1
1
2
3
1
4
3
1
4
2
0
2
2
1
1
3
0
4
1
3
2
2
2
2
3
3
1
8
0
3
6
1
5
5
0
0
1
0
3
1
2
1
1
2
3
1
4
3
1
4
2
0
2
2
1
1
3
0
4
1
3
2
2
2
2
3
4
1
8
0
3
6
1
5
5
0
0
1
1
3
2
2
2
1
3
3
2
4
3
0
4
2
0
2
2
1
3
3
2
4
1
7
2
6
2
4
3
4
1
8
0
3
6
1
5
5
4
2
1297384173
3
317094397
4
4
3
2002953177
5
3
200336905
0
5
1
2138530764
3
460634935
5
1
0
3
0
5
1
0
3
1
5
1
1
3
0
5
1
0
3
0
5
2
1015817543
0
1
14953610
5
1
800594946
5
3
594929904
1
1276797630
3
1373856454
1
1724603437
0
2
1287745807
3
1177811843
0
2
1756670188
5
3
594929904
1
0
3
1
1
1
0
2
0
3
1177811843
0
2
1756670188
5
3
594929904
1
1
3
2
1
0
0
2
0
3
1177811843
0
2
1756670188
5
3
594929904
1
1
3
2
1
0
0
2
0
3
2
0
2
0
5
3
594929904
1
0
3
0
1
0
0
2
0
3
2
0
2
0
5
3
594929904
1
0
3
0
1
1
0
2
0
3
2
0
2
0
5
3
594929904
1
1
3
1
1
0
0
2
0
3
2
0
2
0
5
3
594929904
1
1
3
1
1
1
0
2
0
3
2
0
2
0
5
3
594929904
1
0
3
0
1
0
0
2
1
3
2
0
2
0
5
3
594929904
1
0
3
1
1
0
0
2
0
3
2
0
2
0
5
3
594929904
1
1
3
0
1
0
0
2
0
3
2
0
2
0
5
2
363657934
2
668442217
4
3
2038008179
4
1
116808532
2
1566769211
1
82633778
2
776779891
3
1215139634
4
2
463040287
4
2
1847277642
4
2
2022150985
1
1096547844
5
2
363657934
2
668442217
4
3
2038008179
4
1
1
2
2
1
0
2
2
3
2
4
2
2
4
2
2
4
2
0
1
1096547844
5
2
363657934
2
668442217
4
3
2038008179
4
1
2
2
3
1
1
2
3
3
3
4
2
3
4
2
3
4
2
0
1
1096547844
5
2
363657934
2
668442217
4
3
2038008179
4
1
2
2
3
1
1
2
3
3
3
4
2
3
4
2
3
4
2
0
1
1
5
2
363657934
2
668442217
4
3
2038008179
4
1
2
2
3
1
1
2
3
3
0
4
2
3
4
2
3
4
2
0
1
1
5
2
363657934
2
668442217
4
3
2038008179
4
1
1
2
2
1
0
2
2
3
0
4
2
3
4
2
3
4
2
0
1
1
5
2
363657934
2
668442217
4
3
2038008179
4
1
1
2
2
1
0
2
2
3
0
4
2
2
4
2
2
4
2
0
1
0
5
2
363657934
2
668442217
4
3
2038008179
4
1
1
2
2
1
0
2
2
3
0
4
2
0
4
2
3
4
2
0
1
1
5
2
363657934
2
668442217
4
3
2038008179
4
1
1
2
2
1
0
2
2
3
0
4
2
2
4
2
2
4
2
0
1
2
5
2
363657934
2
668442217
4
3
2038008179
4
1
1
2
2
1
0
2
2
3
0
4
2
1
4
2
3
4
2
0
1
1
5
2
363657934
2
668442217
4
3
2038008179
4
1
1
2
2
1
0
2
0
3
0
4
2
1
4
2
3
4
2
0
1
1
5
2
363657934
2
668442217
4
3
2038008179
4
1
1
2
2
1
0
2
2
3
0
4
2
1
4
2
1
4
2
1
1
1
5
2
363657934
2
668442217
4
3
2038008179
4
1
1
2
2
1
0
2
1
3
0
4
2
1
4
2
3
4
2
0
1
1
5
2
363657934
2
668442217
4
3
2038008179
4
1
2
2
3
1
1
2
3
3
1
4
2
0
4
2
3
4
2
0
1
1
5
2
363657934
2
668442217
4
3
2038008179
4
1
0
2
1
1
0
2
2
3
0
4
2
1
4
2
3
4
2
0
1
1
5
2
363657934
2
668442217
4
3
2038008179
4
1
1
2
2
1
0
2
2
3
0
4
2
1
4
2
0
4
2
0
1
1
5
2
363657934
2
668442217
4
3
2038008179
4
1
2
2
3
1
1
2
3
3
1
4
2
2
4
2
0
4
2
0
1
1
5
2
363657934
2
668442217
4
3
2038008179
4
1
1
2
2
1
0
2
2
3
0
4
2
2
4
2
3
4
2
0
1
1
5
2
363657934
2
668442217
4
3
2038008179
4
1
2
2
3
1
1
2
3
3
0
4
2
1
4
2
3
4
2
0
1
1
5
2
363657934
2
668442217
4
3
2038008179
4
1
2
2
3
1
1
2
3
3
1
4
2
2
4
2
2
4
2
0
1
1
5
2
363657934
2
668442217
4
3
2038008179
4
1
2
2
3
1
0
2
3
3
1
4
2
1
4
2
3
4
2
0
1
1
5
2
363657934
2
668442217
4
3
2038008179
4
1
0
2
0
1
0
2
2
3
0
4
2
1
4
2
3
4
2
0
1
1
5
2
363657934
2
668442217
4
3
2038008179
4
1
1
2
2
1
0
2
2
3
1
4
2
1
4
2
3
4
2
0
1
1
5
2
363657934
2
668442217
4
3
2038008179
4
1
1
2
2
1
0
2
2
3
2
4
2
1
4
2
3
4
2
0
1
1
5
2
363657934
2
668442217
4
3
2038008179
4
1
2
2
3
1
1
2
0
3
0
4
2
1
4
2
3
4
2
0
1
1
5
2
363657934
2
668442217
4
3
2038008179
4
1
1
2
2
1
0
2
2
3
0
4
2
0
4
2
3
4
2
0
1
1
5
2
363657934
2
668442217
4
3
2038008179
4
1
2
2
3
1
0
2
3
3
0
4
2
1
4
2
3
4
2
0
1
1
5
2
363657934
2
668442217
4
3
2038008179
4
1
1
2
0
1
0
2
2
3
0
4
2
1
4
2
3
4
2
0
1
1
5
4
0
5
4
2
1841732387
0
0
4
1
530622399
5
4
5
2
59440469
3
1771632289
2
1941516085
0
1
670437867
4
4
2
81697312
0
4
3
1756389537
1
1466948098
2
1868710849
0
4
2
1080006043
2
2108391703
5
2
59440469
3
1771632289
2
1941516085
0
1
1
4
4
2
0
0
4
3
2
1
1
2
1868710849
0
4
2
1080006043
2
2108391703
5
2
59440469
3
1771632289
2
1941516085
0
1
1
4
4
2
0
0
4
3
0
1
1
2
1868710849
0
4
2
1080006043
2
2108391703
5
2
59440469
3
1771632289
2
1941516085
0
1
1
4
4
2
0
0
4
3
0
1
0
2
1868710849
0
4
2
1080006043
2
2108391703
5
2
59440469
3
1771632289
2
1941516085
0
1
1
4
4
2
0
0
4
3
0
1
0
2
2
0
4
2
2
2
1
5
2
59440469
3
1771632289
2
1941516085
0
1
1
4
4
2
0
0
4
3
1
1
0
2
2
0
4
2
2
2
1
5
2
59440469
3
1771632289
2
1941516085
0
1
1
4
4
2
0
0
4
3
1
1
0
2
0
0
4
2
2
2
1
5
2
59440469
3
1771632289
2
1941516085
0
1
1
4
4
2
0
0
4
3
1
1
1
2
0
0
4
2
2
2
1
5
2
59440469
3
1771632289
2
1941516085
0
1
1
4
4
2
0
0
4
3
1
1
0
2
0
0
4
2
2
2
0
5
2
59440469
3
1771632289
2
1941516085
0
1
1
4
4
2
0
0
4
3
1
1
0
2
0
0
4
2
2
2
2
5
2
59440469
3
1771632289
2
1941516085
0
1
0
4
4
2
0
0
4
3
1
1
0
2
0
0
4
2
2
2
1
5
2
59440469
3
1771632289
2
1941516085
0
1
1
4
4
2
0
0
4
3
1
1
0
2
0
0
4
2
1
2
1
5
2
59440469
3
1771632289
2
1941516085
0
1
1
4
4
2
0
0
4
3
1
1
0
2
0
0
4
2
0
2
1
5
2
59440469
3
1771632289
2
1941516085
0
1
1
4
4
2
0
0
4
3
0
1
0
2
0
0
4
2
2
2
1
5
2
59440469
3
1771632289
2
1941516085
0
1
1
4
4
2
0
0
4
3
1
1
0
2
1
0
4
2
2
2
1
5
2
59440469
3
1771632289
2
1941516085
0
1
1
4
4
2
0
0
4
3
1
1
0
2
2
0
4
2
2
2
1
5
2
59440469
3
1771632289
2
1941516085
0
1
1
4
4
2
0
0
4
3
2
1
0
2
0
0
4
2
2
2
1
5
2
59440469
3
1771632289
2
1941516085
0
1
2
4
4
2
0
0
4
3
2
1
0
2
1
0
4
2
2
2
1
5
2
59440469
3
1771632289
2
1941516085
0
1
2
4
4
2
0
0
4
3
2
1
1
2
0
0
4
2
2
2
1
5
1
389832176
4
5
4
2
1564410307
3
1865284002
0
3
582121247
1
1882187918
2
1207643248
2
786675044
5
4
2
1564410307
3
1865284002
0
3
582121247
1
1
2
0
2
1
5
4
2
1564410307
3
1865284002
0
3
582121247
1
1
2
0
2
2
5
4
2
1564410307
3
1865284002
0
3
582121247
1
0
2
0
2
2
5
4
2
1564410307
3
1865284002
0
3
582121247
1
1
2
0
2
0
5
4
2
1564410307
3
1865284002
0
3
582121247
1
1
2
0
2
1
5
4
1
695182537
2
1425946125
1
529481955
0
5
4
1
0
2
0
1
529481955
0
5
4
1
1
2
0
1
529481955
0
5
4
1
1
2
0
1
1
0
5
4
1
1
2
0
1
2
0
5
4
1
1
2
0
1
0
0
5
4
1
0
2
0
1
1
0
5
0
3
153633023
0
1
1818432115
4
5
3
2110401003
1
215789948
2
716527428
0
4
1
952158592
5
3
2110401003
1
0
2
0
0
4
1
952158592
5
3
2110401003
1
1
2
0
0
4
1
952158592
5
3
2110401003
1
1
2
0
0
4
1
0
5
3
2110401003
1
0
2
0
0
4
1
0
5
3
2110401003
1
1
2
0
0
4
1
1
5
3
2110401003
1
0
2
0
0
4
1
1
5
3
2110401003
1
1
2
0
0
4
1
2
5
3
2110401003
1
1
2
0
0
4
1
0
5
3
647281710
3
614126927
5
1
295606412
3
536450769
5
1
1
3
0
5
1
0
3
0
5
1
0
3
1
5
1
1
3
0
5
3
1924290606
4
4
2
715504937
1
426844978
4
3
388067900
4
5
3
1924290606
4
4
2
715504937
1
0
4
3
0
4
5
3
1924290606
4
4
2
715504937
1
0
4
3
1
4
5
3
1924290606
4
4
2
715504937
1
1
4
3
0
4
5
3
1924290606
4
4
2
715504937
1
0
4
3
0
4
5
5
3
1596105827
5
3
1481443718
4
3
1403949876
1
1557872784
5
4
1
1274298913
0
0
3
1597474835
1
565594028
1
1213030853
1
1136760276
3
262086540
0
5
4
1
2
0
0
3
3
1
0
1
1
1
0
3
262086540
0
5
4
1
2
0
0
3
3
1
0
1
1
1
0
3
2
0
5
4
1
2
0
0
3
3
1
0
1
1
1
0
3
0
0
5
4
1
3
0
0
3
4
1
1
1
2
1
0
3
0
0
5
4
1
3
0
0
3
4
1
0
1
2
1
1
3
0
0
5
4
1
1
0
0
3
2
1
0
1
1
1
0
3
0
0
5
4
1
1
0
0
3
2
1
0
1
2
1
0
3
0
0
5
4
1
0
0
0
3
1
1
0
1
1
1
0
3
0
0
5
4
1
2
0
0
3
3
1
1
1
0
1
0
3
0
0
5
4
1
2
0
0
3
3
1
0
1
1
1
1
3
0
0
5
4
1
3
0
0
3
4
1
0
1
1
1
2
3
0
0
5
4
1
1
0
0
3
0
1
0
1
1
1
0
3
0
0
5
4
1
2
0
0
3
3
1
0
1
1
1
2
3
0
0
5
4
1
2
0
0
3
3
1
0
1
1
1
3
3
0
0
5
4
1
3
0
0
3
4
1
0
1
2
1
0
3
1
0
5
4
1
2
0
0
3
3
1
0
1
1
1
0
3
1
0
5
4
1
3
0
0
3
4
1
0
1
1
1
0
3
2
0
5
4
1
3
0
0
3
4
1
1
1
2
1
1
3
0
0
5
4
1
2
0
0
3
3
1
0
1
1
1
0
3
2
0
5
4
1
2
0
0
3
3
1
0
1
1
1
0
3
3
0
5
4
1
1
0
0
3
2
1
0
1
0
1
0
3
0
0
5
4
1
0
0
0
3
0
1
0
1
1
1
0
3
0
0
5
1
2016314161
3
1775133092
1
1192898585
4
3
1066926518
3
591092303
2
1525131342
0
5
1
2
3
0
1
1
4
3
0
3
0
2
1
0
5
1
2
3
0
1
1
4
3
0
3
0
2
0
0
5
1
1
3
0
1
0
4
3
0
3
0
2
0
0
5
1
2
3
0
1
0
4
3
1
3
0
2
0
0
5
1
1
3
0
1
1
4
3
1
3
0
2
0
0
5
1
1
3
0
1
2
4
3
1
3
0
2
0
0
5
1
1
3
0
1
0
4
3
1
3
0
2
0
0
5
1
1
3
0
1
2
4
3
1
3
1
2
0
0
5
1
1
3
0
1
2
4
3
1
3
0
2
1
0
5
1
0
3
0
1
2
4
3
1
3
0
2
0
0
5
1
1
3
0
1
3
4
3
2
3
0
2
0
0
5
1
1
3
0
1
2
4
3
0
3
0
2
0
0
5
1
1
3
0
1
2
4
3
2
3
0
2
0
0
5
1
1
3
0
1
2
4
3
3
3
0
2
0
0
5
1
1
3
0
1
1
4
3
1
3
0
2
0
0
5
4
2
2116961837
5
4
5
2
1371192623
3
1433149247
5
4
2
1596848357
1
214631661
1
980605398
0
4
2
886459980
3
1100747223
0
3
359783052
0
4
3
862908707
5
4
2
1596848357
1
0
1
2
0
4
2
1
3
3
0
3
1
0
4
3
0
5
4
2
1596848357
1
1
1
2
0
4
2
0
3
3
0
3
1
0
4
3
0
5
4
2
1596848357
1
1
1
0
0
4
2
0
3
3
0
3
1
0
4
3
0
5
4
2
1596848357
1
0
1
0
0
4
2
0
3
3
0
3
1
0
4
3
0
5
4
2
1596848357
1
1
1
0
0
4
2
0
3
3
0
3
1
0
4
3
0
5
4
2
1596848357
1
0
1
1
0
4
2
0
3
3
0
3
1
0
4
3
0
5
4
2
1596848357
1
1
1
1
0
4
2
0
3
3
0
3
1
0
4
3
0
5
4
2
1596848357
1
0
1
0
0
4
2
1
3
3
0
3
1
0
4
3
0
5
0
3
2008733807
0
2
1897130962
1
258423035
2
1774590881
1
615212052
5
0
3
2008733807
0
2
1897130962
1
1
2
0
1
615212052
5
0
3
2008733807
0
2
1897130962
1
1
2
0
1
1
5
0
3
2008733807
0
2
1897130962
1
1
2
0
1
0
5
0
3
2008733807
0
2
1897130962
1
1
2
0
1
1
5
0
3
2008733807
0
2
1897130962
1
0
2
0
1
0
5
0
3
2008733807
0
2
1897130962
1
1
2
0
1
0
5
0
3
2008733807
0
2
1897130962
1
0
2
1
1
0
5
2
771871193
3
1102941527
3
313863170
2
1542262585
2
57758592
3
1588792658
4
5
4
5
1
1861091882
2
224517683
1
20006032
3
651824566
0
3
1811855919
3
563922774
3
1047260065
3
1961625134
2
1039279322
4
5
1
3
2
0
1
1
3
2
0
3
2
3
2
3
0
3
1961625134
2
1039279322
4
5
1
1
2
0
1
0
3
0
0
3
2
3
2
3
0
3
1961625134
2
1039279322
4
5
1
1
2
0
1
0
3
0
0
3
2
3
2
3
0
3
2
2
1
4
5
1
1
2
0
1
1
3
0
0
3
2
3
2
3
0
3
2
2
1
4
5
1
1
2
0
1
2
3
0
0
3
2
3
2
3
0
3
2
2
1
4
5
1
1
2
0
1
2
3
0
0
3
1
3
2
3
0
3
2
2
1
4
5
1
1
2
0
1
0
3
0
0
3
2
3
2
3
0
3
2
2
1
4
5
1
1
2
0
1
2
3
0
0
3
2
3
2
3
1
3
2
2
1
4
5
1
0
2
0
1
2
3
0
0
3
2
3
2
3
0
3
2
2
1
4
5
1
1
2
0
1
2
3
0
0
3
2
3
2
3
0
3
2
2
0
4
5
1
1
2
0
1
2
3
0
0
3
2
3
2
3
0
3
1
2
1
4
5
1
1
2
0
1
3
3
0
0
3
3
3
3
3
0
3
3
2
2
4
5
1
1
2
0
1
2
3
0
0
3
2
3
2
3
0
3
2
2
2
4
5
1
1
2
0
1
2
3
0
0
3
2
3
2
3
0
3
2
2
3
4
5
1
1
2
0
1
2
3
1
0
3
2
3
2
3
0
3
2
2
1
4
5
1
1
2
0
1
2
3
0
0
3
2
3
1
3
0
3
2
2
1
4
5
1
1
2
0
1
2
3
0
0
3
2
3
0
3
0
3
2
2
1
4
5
1
1
2
0
1
2
3
0
0
3
3
3
2
3
0
3
2
2
1
4
5
1
1
2
0
1
2
3
0
0
3
2
3
2
3
0
3
3
2
1
4
5
1
1
2
0
1
2
3
0
0
3
2
3
2
3
0
3
0
2
1
4
5
1
1
2
0
1
2
3
0
0
3
2
3
3
3
0
3
2
2
1
4
5
1
1
2
0
1
2
3
0
0
3
0
3
2
3
0
3
2
2
1
4
5
1
1
2
0
1
1
3
0
0
3
2
3
2
3
0
3
2
2
1
4
5
4
1
1595263415
4
0
3
2107115438
3
1733275616
2
1305341325
3
259860469
4
4
2
859691765
2
2005347427
0
1
1528596485
1
903003182
0
2
2087596617
1
1432974029
0
2
1081478611
1
1225911089
4
5
4
1
4
4
0
3
5
3
5
2
0
3
0
4
4
2
0
2
5
0
1
3
1
0
0
2
5
1
2
0
2
1
1
0
4
5
4
1
0
4
0
3
1
3
0
2
0
3
0
4
4
2
0
2
5
0
1
3
1
0
0
2
5
1
2
0
2
1
1
0
4
5
4
1
0
4
0
3
1
3
0
2
0
3
0
4
4
2
0
2
5
0
1
1
1
0
0
2
0
1
2
0
2
1
1
0
4
5
4
1
0
4
0
3
1
3
0
2
0
3
0
4
4
2
0
2
5
0
1
1
1
0
0
2
0
1
0
0
2
1
1
0
4
5
4
1
0
4
0
3
1
3
0
2
0
3
0
4
4
2
0
2
5
0
1
1
1
0
0
2
0
1
3
0
2
2
1
0
4
5
4
1
0
4
0
3
1
3
0
2
0
3
0
4
4
2
0
2
5
0
1
0
1
0
0
2
0
1
2
0
2
1
1
0
4
5
4
1
1
4
0
3
2
3
1
2
0
3
0
4
4
2
0
2
5
0
1
1
1
0
0
2
0
1
2
0
2
1
1
0
4
5
4
1
0
4
0
3
1
3
0
2
0
3
0
4
4
2
0
2
5
0
1
2
1
0
0
2
1
1
2
0
2
1
1
0
4
5
4
1
1
4
0
3
0
3
0
2
0
3
0
4
4
2
0
2
5
0
1
1
1
0
0
2
0
1
2
0
2
1
1
0
4
5
4
1
0
4
0
3
1
3
0
2
0
3
0
4
4
2
0
2
5
0
1
1
1
0
0
2
0
1
2
0
2
2
1
0
4
5
4
1
0
4
0
3
1
3
0
2
0
3
0
4
4
2
0
2
5
0
1
1
1
0
0
2
0
1
2
0
2
3
1
0
4
5
4
1
0
4
0
3
1
3
0
2
0
3
0
4
4
2
0
2
5
0
1
2
1
1
0
2
0
1
2
0
2
1
1
0
4
5
4
1
0
4
0
3
1
3
1
2
0
3
0
4
4
2
0
2
5
0
1
1
1
0
0
2
0
1
2
0
2
1
1
0
4
5
4
1
0
4
0
3
1
3
0
2
0
3
0
4
4
2
0
2
5
0
1
1
1
0
0
2
0
1
2
0
2
1
1
2
4
5
4
1
0
4
0
3
1
3
0
2
0
3
0
4
4
2
0
2
5
0
1
1
1
0
0
2
0
1
2
0
2
1
1
3
4
5
4
1
0
4
0
3
1
3
0
2
1
3
0
4
4
2
0
2
5
0
1
1
1
0
0
2
0
1
2
0
2
1
1
0
4
5
4
1
0
4
0
3
1
3
0
2
0
3
0
4
4
2
0
2
5
0
1
1
1
0
0
2
1
1
2
0
2
1
1
0
4
5
4
1
0
4
0
3
1
3
0
2
0
3
0
4
4
2
0
2
5
0
1
1
1
0
0
2
2
1
2
0
2
1
1
0
4
5
4
1
1
4
0
3
2
3
0
2
0
3
0
4
4
2
0
2
5
0
1
1
1
0
0
2
0
1
2
0
2
1
1
0
4
5
4
1
0
4
0
3
1
3
0
2
0
3
0
4
4
2
0
2
5
0
1
1
1
0
0
2
0
1
2
0
2
0
1
0
4
5
4
1
0
4
0
3
1
3
0
2
0
3
0
4
4
2
0
2
5
0
1
1
1
0
0
2
0
1
1
0
2
1
1
0
4
5
4
1
0
4
0
3
0
3
0
2
0
3
0
4
4
2
0
2
5
0
1
1
1
0
0
2
0
1
2
0
2
1
1
0
4
5
0
2
2139910512
4
1
193761029
0
4
3
1095694159
3
432747217
4
2
204775560
4
4
3
542071443
2
2032387386
4
4
2
369319730
4
5
0
2
2139910512
4
1
0
0
4
3
0
3
432747217
4
2
204775560
4
4
3
542071443
2
2032387386
4
4
2
369319730
4
5
0
2
2139910512
4
1
1
0
4
3
0
3
432747217
4
2
204775560
4
4
3
542071443
2
2032387386
4
4
2
369319730
4
5
0
2
2139910512
4
1
1
0
4
3
0
3
2
4
2
2
4
4
3
2
2
0
4
4
2
369319730
4
5
0
2
2139910512
4
1
1
0
4
3
0
3
2
4
2
2
4
4
3
2
2
0
4
4
2
1
4
5
0
2
2139910512
4
1
1
0
4
3
0
3
2
4
2
2
4
4
3
2
2
1
4
4
2
1
4
5
0
2
2139910512
4
1
0
0
4
3
0
3
2
4
2
2
4
4
3
2
2
0
4
4
2
1
4
5
0
2
2139910512
4
1
1
0
4
3
0
3
2
4
2
2
4
4
3
2
2
0
4
4
2
2
4
5
0
2
2139910512
4
1
1
0
4
3
0
3
2
4
2
2
4
4
3
2
2
0
4
4
2
0
4
5
0
2
2139910512
4
1
1
0
4
3
0
3
2
4
2
1
4
4
3
2
2
0
4
4
2
1
4
5
0
2
2139910512
4
1
1
0
4
3
0
3
2
4
2
2
4
4
3
0
2
0
4
4
2
1
4
5
0
2
2139910512
4
1
1
0
4
3
0
3
2
4
2
0
4
4
3
2
2
0
4
4
2
1
4
5
0
2
2139910512
4
1
1
0
4
3
0
3
0
4
2
2
4
4
3
2
2
0
4
4
2
1
4
5
0
2
2139910512
4
1
1
0
4
3
0
3
2
4
2
2
4
4
3
1
2
0
4
4
2
1
4
5
1
1118959223
2
371192226
5
1
0
2
0
5
1
0
2
1
5
1
1
2
0
5
1
0
2
0
5
0
1
2095812283
4
4
1
2005608151
4
4
3
1199795190
3
1891817570
3
242450171
0
4
5
0
1
2
4
4
1
1
4
4
3
0
3
1
3
242450171
0
4
5
0
1
0
4
4
1
0
4
4
3
0
3
1
3
242450171
0
4
5
0
1
0
4
4
1
1
4
4
3
0
3
1
3
242450171
0
4
5
0
1
0
4
4
1
1
4
4
3
0
3
0
3
242450171
0
4
5
0
1
1
4
4
1
0
4
4
3
0
3
1
3
242450171
0
4
5
0
1
0
4
4
1
1
4
4
3
0
3
1
3
0
0
4
5
0
1
1
4
4
1
2
4
4
3
0
3
1
3
242450171
0
4
5
0
1
0
4
4
1
1
4
4
3
0
3
2
3
242450171
0
4
5
0
1
1
4
4
1
2
4
4
3
1
3
2
3
0
0
4
5
0
1
0
4
4
1
2
4
4
3
1
3
1
3
242450171
0
4
5
0
1
0
4
4
1
1
4
4
3
1
3
1
3
242450171
0
4
5
0
1
0
4
4
1
1
4
4
3
2
3
1
3
242450171
0
4
5
0
1
1
4
4
1
2
4
4
3
1
3
0
3
242450171
0
4
5
0
1
0
4
4
1
1
4
4
3
0
3
1
3
1
0
4
5
0
1
0
4
4
1
0
4
4
3
0
3
1
3
242450171
0
4
5
1
1469446705
2
1184934526
4
3
501959037
3
1919828684
3
1377659086
4
0
0
1
276217367
2
942480693
5
1
1
2
0
4
3
0
3
2
3
0
4
0
0
1
1
2
942480693
5
1
1
2
0
4
3
0
3
2
3
0
4
0
0
1
1
2
1
5
1
1
2
0
4
3
0
3
1
3
0
4
0
0
1
1
2
1
5
1
1
2
0
4
3
0
3
1
3
0
4
0
0
1
2
2
1
5
1
1
2
0
4
3
0
3
1
3
0
4
0
0
1
0
2
1
5
1
1
2
0
4
3
1
3
1
3
0
4
0
0
1
2
2
1
5
1
1
2
0
4
3
0
3
1
3
0
4
0
0
1
2
2
0
5
1
1
2
0
4
3
0
3
1
3
0
4
0
0
1
3
2
2
5
1
0
2
0
4
3
0
3
1
3
0
4
0
0
1
2
2
1
5
1
1
2
0
4
3
0
3
1
3
1
4
0
0
1
2
2
1
5
1
1
2
0
4
3
0
3
1
3
0
4
0
0
1
2
2
2
5
1
1
2
0
4
3
0
3
1
3
0
4
0
0
1
2
2
3
5
1
1
2
0
4
3
0
3
2
3
0
4
0
0
1
2
2
1
5
1
1
2
0
4
3
0
3
0
3
0
4
0
0
1
2
2
1
5
1
1
2
0
4
3
0
3
1
3
0
4
0
0
1
1
2
1
5
5
4
3
48793687
3
1165530546
4
1
482670646
1
1074757420
3
664656462
0
2
560867277
4
0
4
2
2112204928
1
489794545
2
237058163
4
2
539570446
0
5
4
3
48793687
3
1165530546
4
1
0
1
2
3
1
0
2
1
4
0
4
2
2
1
489794545
2
237058163
4
2
539570446
0
5
4
3
48793687
3
1165530546
4
1
0
1
0
3
1
0
2
1
4
0
4
2
2
1
489794545
2
237058163
4
2
539570446
0
5
4
3
48793687
3
1165530546
4
1
1
1
0
3
1
0
2
1
4
0
4
2
2
1
489794545
2
237058163
4
2
539570446
0
5
4
3
48793687
3
1165530546
4
1
2
1
1
3
0
0
2
1
4
0
4
2
2
1
489794545
2
237058163
4
2
539570446
0
5
4
3
48793687
3
1165530546
4
1
3
1
1
3
0
0
2
2
4
0
4
2
2
1
489794545
2
237058163
4
2
539570446
0
5
4
3
48793687
3
1165530546
4
1
2
1
1
3
0
0
2
0
4
0
4
2
2
1
489794545
2
237058163
4
2
539570446
0
5
4
3
48793687
3
1165530546
4
1
2
1
1
3
0
0
2
1
4
0
4
2
2
1
0
2
0
4
2
539570446
0
5
4
3
48793687
3
1165530546
4
1
0
1
0
3
0
0
2
1
4
0
4
2
2
1
489794545
2
237058163
4
2
539570446
0
5
4
3
48793687
3
1165530546
4
1
2
1
1
3
0
0
2
1
4
0
4
2
2
1
1
2
0
4
2
1
0
5
4
3
48793687
3
1165530546
4
1
1
1
0
3
0
0
2
1
4
0
4
2
2
1
489794545
2
237058163
4
2
539570446
0
5
4
3
48793687
3
1165530546
4
1
2
1
1
3
0
0
2
1
4
0
4
2
0
1
489794545
2
237058163
4
2
539570446
0
5
4
3
48793687
3
1165530546
4
1
2
1
1
3
0
0
2
2
4
0
4
2
2
1
489794545
2
237058163
4
2
539570446
0
5
4
3
48793687
3
1165530546
4
1
2
1
1
3
0
0
2
3
4
0
4
2
2
1
489794545
2
237058163
4
2
539570446
0
5
4
3
48793687
3
1165530546
4
1
2
1
1
3
0
0
2
1
4
0
4
2
3
1
489794545
2
237058163
4
2
539570446
0
5
4
3
48793687
3
1165530546
4
1
2
1
1
3
0
0
2
1
4
0
4
2
2
1
1
2
0
4
2
0
0
5
0
2
759886650
1
582149166
4
4
4
0
3
245126094
5
0
2
759886650
1
0
4
4
4
0
3
0
5
0
2
759886650
1
0
4
4
4
0
3
1
5
0
2
759886650
1
1
4
4
4
0
3
0
5
0
2
759886650
1
0
4
4
4
0
3
0
5
3
1845865040
2
1703959912
4
5
3
1852154879
4
4
0
0
0
5
0
5
0
4
2
291158471
4
2
1525269643
2
911162922
3
385636997
0
3
1278386513
2
577800936
2
1135944966
2
417649093
0
0
4
1
2082016049
3
953114664
2
1191202332
5
0
4
2
291158471
4
2
1525269643
2
911162922
3
385636997
0
3
1278386513
2
577800936
2
1135944966
2
417649093
0
0
4
1
0
3
0
2
1191202332
5
0
4
2
291158471
4
2
1525269643
2
911162922
3
385636997
0
3
1278386513
2
577800936
2
1135944966
2
417649093
0
0
4
1
0
3
0
2
0
5
0
4
2
291158471
4
2
1525269643
2
911162922
3
385636997
0
3
1278386513
2
577800936
2
1135944966
2
417649093
0
0
4
1
0
3
1
2
0
5
0
4
2
291158471
4
2
1525269643
2
911162922
3
385636997
0
3
1278386513
2
577800936
2
1135944966
2
417649093
0
0
4
1
0
3
1
2
1
5
0
4
2
291158471
4
2
1525269643
2
911162922
3
385636997
0
3
1278386513
2
577800936
2
1135944966
2
417649093
0
0
4
1
1
3
2
2
0
5
0
4
2
291158471
4
2
1525269643
2
911162922
3
385636997
0
3
1278386513
2
577800936
2
1135944966
2
417649093
0
0
4
1
1
3
0
2
0
5
0
4
2
291158471
4
2
1525269643
2
911162922
3
385636997
0
3
1278386513
2
577800936
2
1135944966
2
417649093
0
0
4
1
0
3
0
2
0
5
3
1540926128
4
1
1837387568
4
2
14205952
3
2146747329
1
154569204
5
3
1540926128
4
1
1
4
2
0
3
1
1
154569204
5
3
1540926128
4
1
1
4
2
0
3
0
1
154569204
5
3
1540926128
4
1
1
4
2
0
3
0
1
1
5
3
1540926128
4
1
0
4
2
0
3
0
1
1
5
3
1540926128
4
1
0
4
2
1
3
0
1
1
5
3
1540926128
4
1
1
4
2
2
3
1
1
0
5
3
1540926128
4
1
1
4
2
0
3
0
1
1
5
3
1540926128
4
1
0
4
2
0
3
0
1
1
5
3
1540926128
4
1
0
4
2
1
3
1
1
1
5
3
1540926128
4
1
1
4
2
2
3
0
1
1
5
3
1540926128
4
1
0
4
2
1
3
0
1
0
5
5
0
3
2050188857
1
348673718
0
4
3
865689794
5
0
3
2050188857
1
0
0
4
3
0
5
0
3
2050188857
1
1
0
4
3
0
5
0
3
2050188857
1
0
0
4
3
0
5
1
1873451796
4
1
1491476118
4
0
2
1303089523
0
3
1155906685
2
460477461
2
1943003425
3
882700352
3
371873446
4
3
1053841549
0
4
3
482722702
5
1
2
4
1
1
4
0
2
0
0
3
0
2
0
2
1
3
882700352
3
371873446
4
3
1053841549
0
4
3
482722702
5
1
2
4
1
1
4
0
2
0
0
3
0
2
0
2
1
3
2
3
371873446
4
3
1053841549
0
4
3
482722702
5
1
0
4
1
0
4
0
2
0
0
3
0
2
0
2
1
3
2
3
371873446
4
3
1053841549
0
4
3
482722702
5
1
0
4
1
1
4
0
2
0
0
3
0
2
0
2
1
3
2
3
371873446
4
3
1053841549
0
4
3
482722702
5
1
1
4
1
0
4
0
2
0
0
3
0
2
0
2
1
3
2
3
371873446
4
3
1053841549
0
4
3
482722702
5
1
0
4
1
1
4
0
2
0
0
3
1
2
0
2
1
3
2
3
371873446
4
3
1053841549
0
4
3
482722702
5
1
0
4
1
1
4
0
2
0
0
3
0
2
0
2
2
3
2
3
371873446
4
3
1053841549
0
4
3
482722702
5
1
0
4
1
1
4
0
2
0
0
3
0
2
0
2
0
3
2
3
371873446
4
3
1053841549
0
4
3
482722702
5
1
0
4
1
1
4
0
2
0
0
3
0
2
1
2
1
3
2
3
371873446
4
3
1053841549
0
4
3
482722702
5
1
1
4
1
2
4
0
2
0
0
3
0
2
0
2
1
3
2
3
371873446
4
3
1053841549
0
4
3
482722702
5
1
0
4
1
1
4
0
2
1
0
3
0
2
0
2
1
3
2
3
371873446
4
3
1053841549
0
4
3
482722702
5
1
0
4
1
1
4
0
2
2
0
3
0
2
0
2
1
3
2
3
371873446
4
3
1053841549
0
4
3
482722702
5
1
1
4
1
0
4
0
2
2
0
3
0
2
0
2
1
3
2
3
371873446
4
3
1053841549
0
4
3
482722702
5
1
1
4
1
2
4
0
2
0
0
3
0
2
0
2
1
3
2
3
371873446
4
3
1053841549
0
4
3
482722702
5
1
0
4
1
1
4
0
2
2
0
3
0
2
0
2
2
3
2
3
371873446
4
3
1053841549
0
4
3
482722702
5
1
0
4
1
1
4
0
2
1
0
3
0
2
0
2
1
3
2
3
371873446
4
3
1053841549
0
4
3
482722702
5
1
1
4
1
2
4
0
2
3
0
3
1
2
0
2
1
3
2
3
371873446
4
3
1053841549
0
4
3
482722702
5
1
0
4
1
2
4
0
2
3
0
3
0
2
1
2
1
3
2
3
371873446
4
3
1053841549
0
4
3
482722702
5
1
0
4
1
1
4
0
2
0
0
3
0
2
0
2
1
3
2
3
371873446
4
3
1053841549
0
4
3
482722702
5
1
0
4
1
1
4
0
2
2
0
3
0
2
1
2
1
3
2
3
371873446
4
3
1053841549
0
4
3
482722702
5
1
0
4
1
1
4
0
2
2
0
3
0
2
2
2
1
3
2
3
371873446
4
3
1053841549
0
4
3
482722702
5
1
0
4
1
1
4
0
2
2
0
3
0
2
0
2
0
3
2
3
371873446
4
3
1053841549
0
4
3
482722702
5
1
1
4
1
2
4
0
2
3
0
3
0
2
0
2
1
3
2
3
371873446
4
3
1053841549
0
4
3
482722702
5
1
0
4
1
2
4
0
2
3
0
3
1
2
0
2
1
3
2
3
371873446
4
3
1053841549
0
4
3
482722702
5
1
0
4
1
1
4
0
2
2
0
3
1
2
0
2
1
3
2
3
371873446
4
3
1053841549
0
4
3
482722702
5
1
0
4
1
1
4
0
2
2
0
3
2
2
0
2
1
3
2
3
371873446
4
3
1053841549
0
4
3
482722702
5
1
0
4
1
0
4
0
2
2
0
3
0
2
0
2
1
3
2
3
371873446
4
3
1053841549
0
4
3
482722702
5
0
4
1
448561666
0
0
3
985166874
5
0
4
1
0
0
0
3
0
5
0
4
1
1
0
0
3
0
5
0
4
1
0
0
0
3
0
5
1
888121726
0
3
1862865631
1
1842036961
3
1910977855
1
22908400
0
3
1287258480
4
4
3
1212777184
1
1981867522
2
454253249
2
1148522429
3
803738253
0
3
766919887
1
1673747834
2
1960000139
2
218879613
4
2
2060916574
5
1
3
0
3
4
1
5
3
6
1
1
0
3
4
4
4
3
4
1
6
2
2
2
4
3
0
0
3
766919887
1
1673747834
2
1960000139
2
218879613
4
2
2060916574
5
