4
2
435339224
2
1854663332
4
4
5
3
1651112733
0
3
1547899901
0
5
2
88496870
0
1
413266914
4
0
3
1467877281
5
2
88496870
0
1
0
4
0
3
0
5
2
88496870
0
1
1
4
0
3
0
5
2
88496870
0
1
0
4
0
3
0
5
4
5
4
2
1676426218
2
1404778439
4
4
0
0
5
3
370770811
2
1653595772
4
0
5
0
0
1
624062120
5
2
494452021
0
5
1
625002713
0
1
851273596
3
472404870
3
1697463542
1
76793684
4
0
5
1
1
0
1
2
3
0
3
1
1
76793684
4
0
5
1
0
0
1
0
3
0
3
1
1
76793684
4
0
5
1
1
0
1
1
3
1
3
2
1
0
4
0
5
1
0
0
1
1
3
0
3
1
1
76793684
4
0
5
1
1
0
1
0
3
0
3
1
1
76793684
4
0
5
1
0
0
1
0
3
1
3
1
1
76793684
4
0
5
1
1
0
1
1
3
1
3
0
1
76793684
4
0
5
1
1
0
1
1
3
0
3
1
1
76793684
4
0
5
1
0
0
1
0
3
0
3
1
1
0
4
0
5
1
0
0
1
0
3
0
3
0
1
76793684
4
0
5
5
2
23139440
2
482091325
1
2127508733
1
1140343599
3
1049892342
0
0
4
0
2
130051496
1
1362065230
5
2
23139440
2
482091325
1
2
1
1
3
0
0
0
4
0
2
0
1
1
5
2
23139440
2
482091325
1
1
1
0
3
0
0
0
4
0
2
0
1
1
5
2
23139440
2
482091325
1
2
1
0
3
1
0
0
4
0
2
0
1
1
5
2
23139440
2
482091325
1
2
1
0
3
1
0
0
4
0
2
1
1
1
5
2
23139440
2
482091325
1
3
1
1
3
2
0
0
4
0
2
2
1
0
5
2
23139440
2
482091325
1
0
1
0
3
1
0
0
4
0
2
1
1
1
5
2
23139440
2
482091325
1
2
1
0
3
1
0
0
4
0
2
1
1
2
5
2
23139440
2
482091325
1
2
1
0
3
1
0
0
4
0
2
1
1
3
5
2
23139440
2
482091325
1
2
1
0
3
1
0
0
4
0
2
0
1
1
5
2
23139440
2
482091325
1
3
1
1
3
2
0
0
4
0
2
0
1
1
5
2
23139440
2
482091325
1
2
1
0
3
1
0
0
4
0
2
2
1
1
5
2
23139440
2
482091325
1
2
1
0
3
1
0
0
4
0
2
3
1
1
5
2
23139440
2
482091325
1
2
1
1
3
0
0
0
4
0
2
1
1
1
5
2
23139440
2
482091325
1
1
1
0
3
1
0
0
4
0
2
1
1
1
5
2
23139440
2
482091325
1
1
1
0
3
2
0
0
4
0
2
1
1
1
5
2
23139440
2
482091325
1
2
1
0
3
1
0
0
4
0
2
1
1
0
5
2
23139440
2
482091325
1
1
1
0
3
0
0
0
4
0
2
1
1
1
5
1
1836119078
4
0
3
1121481456
2
198403333
4
5
1
1
4
0
3
0
2
1
4
5
1
0
4
0
3
0
2
1
4
5
1
0
4
0
3
1
2
1
4
5
1
1
4
0
3
2
2
0
4
5
1
0
4
0
3
1
2
0
4
5
1
1
4
0
3
0
2
1
4
5
1
0
4
0
3
0
2
1
4
5
0
3
1091831650
1
160072168
4
3
1158765739
3
215224180
5
0
3
1091831650
1
0
4
3
1
3
0
5
0
3
1091831650
1
1
4
3
2
3
0
5
0
3
1091831650
1
0
4
3
1
3
0
5
0
3
1091831650
1
1
4
3
0
3
0
5
0
3
1091831650
1
0
4
3
0
3
0
5
3
679448707
2
945449562
1
457627477
1
970418582
5
3
679448707
2
945449562
1
0
1
0
5
3
679448707
2
945449562
1
1
1
0
5
3
679448707
2
945449562
1
0
1
0
5
5
0
0
1
2090763780
2
1801938970
5
0
0
1
0
2
0
5
0
0
1
0
2
1
5
0
0
1
0
2
0
5
0
0
1
1
2
0
5
1
179084496
3
1238552714
5
1
0
3
0
5
1
1
3
0
5
1
0
3
0
5
5
5
5
4
0
1
1145448122
0
5
1
1697978929
2
2112308079
1
1883878695
5
1
1
2
0
1
1883878695
5
1
1
2
0
1
1
5
1
1
2
0
1
0
5
1
1
2
0
1
1
5
1
0
2
0
1
0
5
1
1
2
0
1
0
5
1
0
2
1
1
0
5
1
797354985
0
1
943181345
1
1436990090
1
1910869488
4
2
1977163319
3
785148957
3
1149665814
2
826927643
5
1
0
0
1
1
1
2
1
0
4
2
1977163319
3
785148957
3
1149665814
2
826927643
5
1
0
0
1
1
1
2
1
0
4
2
3
3
2
3
1149665814
2
826927643
5
1
1
0
1
2
1
3
1
1
4
2
4
3
3
3
4
2
0
5
1
1
0
1
2
1
3
1
0
4
2
4
3
3
3
4
2
0
5
1
1
0
1
2
1
0
1
0
4
2
4
3
3
3
4
2
0
5
1
1
0
1
2
1
3
1
0
4
2
4
3
0
3
4
2
0
5
1
1
0
1
2
1
3
1
0
4
2
0
3
3
3
4
2
0
5
1
2
0
1
3
1
4
1
0
4
2
5
3
4
3
5
2
1
5
1
1
0
1
0
1
3
1
0
4
2
4
3
3
3
4
2
0
5
1
0
0
1
1
1
0
1
0
4
2
4
3
3
3
4
2
0
5
1
2
0
1
3
1
4
1
1
4
2
0
3
3
3
4
2
0
5
1
0
0
1
1
1
2
1
0
4
2
4
3
3
3
4
2
0
5
1
1
0
1
2
1
3
1
0
4
2
4
3
3
3
0
2
0
5
1
1
0
1
2
1
3
1
0
4
2
3
3
3
3
4
2
0
5
1
1
0
1
2
1
3
1
0
4
2
4
3
3
3
4
2
2
5
1
1
0
1
2
1
4
1
0
4
2
5
3
4
3
5
2
3
5
1
2
0
1
3
1
4
1
1
4
2
5
3
4
3
5
2
0
5
1
1
0
1
2
1
3
1
0
4
2
4
3
4
3
4
2
0
5
1
1
0
1
2
1
3
1
0
4
2
4
3
3
3
4
2
1
5
1
1
0
1
3
1
4
1
0
4
2
5
3
4
3
5
2
2
5
1
2
0
1
3
1
4
1
1
4
2
5
3
4
3
0
2
0
5
1
1
0
1
2
1
3
1
0
4
2
4
3
3
3
4
2
3
5
1
1
0
1
2
1
3
1
0
4
2
4
3
3
3
4
2
4
5
1
2
0
1
3
1
4
1
1
4
2
5
3
0
3
4
2
0
5
1
1
0
1
2
1
3
1
0
4
2
4
3
3
3
3
2
0
5
1
0
0
1
0
1
3
1
0
4
2
4
3
3
3
4
2
0
5
1
1857150127
5
5
3
1270684574
5
3
1351141106
0
3
307308313
5
3
1064977229
5
3
1579689536
3
1178814872
4
3
1999037060
0
5
5
4
3
561143948
5
2
639843483
2
130890376
4
4
4
0
5
2
1574463406
5
4
3
1018654910
3
797625027
0
1
755685542
4
5
3
364458767
0
5
4
2
343166065
5
0
5
4
2
1744249977
1
940552566
0
0
5
2
697950824
1
2126966909
0
4
0
0
5
0
0
0
5
4
2
883601127
5
2
322728694
5
4
2
1019322710
2
1772400779
3
1187172525
1
1010359974
0
2
1548907730
2
743837376
4
1
866601437
3
331863659
1
2072834432
0
2
1016715166
0
5
4
2
1019322710
2
1772400779
3
1187172525
1
1
0
2
2
2
0
4
1
0
3
0
1
2072834432
0
2
1016715166
0
5
4
2
1019322710
2
1772400779
3
1187172525
1
1
0
2
2
2
0
4
1
0
3
0
1
0
0
2
1016715166
0
5
4
2
1019322710
2
1772400779
3
1187172525
1
0
0
2
0
2
0
4
1
0
3
0
1
0
0
2
1016715166
0
5
4
2
1019322710
2
1772400779
3
1187172525
1
0
0
2
0
2
0
4
1
0
3
1
1
0
0
2
1016715166
0
5
4
2
1019322710
2
1772400779
3
1187172525
1
0
0
2
0
2
0
4
1
1
3
2
1
0
0
2
1016715166
0
5
4
2
1019322710
2
1772400779
3
1187172525
1
0
0
2
0
2
0
4
1
0
3
1
1
1
0
2
1016715166
0
5
4
2
1019322710
2
1772400779
3
1187172525
1
0
0
2
1
2
0
4
1
0
3
1
1
0
0
2
1016715166
0
5
4
2
1019322710
2
1772400779
3
1187172525
1
0
0
2
0
2
0
4
1
1
3
2
1
1
0
2
0
0
5
4
2
1019322710
2
1772400779
3
1187172525
1
0
0
2
0
2
0
4
1
0
3
1
1
0
0
2
0
0
5
4
2
1019322710
2
1772400779
3
1187172525
1
1
0
2
0
2
0
4
1
0
3
1
1
0
0
2
1016715166
0
5
4
2
1019322710
2
1772400779
3
1187172525
1
0
0
2
0
2
0
4
1
1
3
0
1
0
0
2
1016715166
0
5
4
2
1019322710
2
1772400779
3
1187172525
1
0
0
2
0
2
0
4
1
0
3
0
1
0
0
2
1016715166
0
5
5
4
1
485854974
0
4
3
1376901087
3
1123654353
5
4
1
0
0
4
3
0
3
1123654353
5
4
1
1
0
4
3
1
3
0
5
4
1
0
0
4
3
0
3
0
5
4
1
1
0
4
3
0
3
0
5
4
1
0
0
4
3
1
3
0
5
4
3
976936087
1
2080460780
4
5
0
1
271425878
5
2
1770058058
4
4
2
1489445846
4
3
1239878189
0
5
0
0
2
614464846
0
2
1134689352
5
4
5
3
2094379305
2
204332818
4
4
4
0
5
2
1085422465
0
5
3
196893219
2
1656498573
0
1
357823020
4
2
1346179524
3
1615060056
5
3
196893219
2
1656498573
0
1
1
4
2
2
3
0
5
3
196893219
2
1656498573
0
1
1
4
2
0
3
0
5
3
196893219
2
1656498573
0
1
0
4
2
0
3
0
5
3
196893219
2
1656498573
0
1
0
4
2
1
3
0
5
3
196893219
2
1656498573
0
1
0
4
2
0
3
0
5
3
196893219
2
1656498573
0
1
1
4
2
0
3
0
5
3
196893219
2
1656498573
0
1
0
4
2
1
3
1
5
3
196893219
2
1656498573
0
1
1
4
2
2
3
0
5
4
3
1819074523
0
4
4
1
101325934
4
1
438462674
0
1
1868591646
1
211890609
1
143970444
3
2085313156
3
731004704
2
1175112141
1
126429662
3
2127160178
1
2010641926
3
1281810442
0
4
2
31237622
0
4
0
5
4
3
1819074523
0
4
4
1
0
4
1
0
0
1
1868591646
1
211890609
1
143970444
3
2085313156
3
731004704
2
1175112141
1
126429662
3
2127160178
1
2010641926
3
1281810442
0
4
2
31237622
0
4
0
5
4
3
1819074523
0
4
4
1
1
4
1
1
0
1
4
1
3
1
2
3
5
3
0
2
1175112141
1
126429662
3
2127160178
1
2010641926
3
1281810442
0
4
2
31237622
0
4
0
5
4
3
1819074523
0
4
4
1
1
4
1
1
0
1
4
1
3
1
2
3
5
3
0
2
5
1
5
3
6
1
6
3
5
0
4
2
31237622
0
4
0
5
4
3
1819074523
0
4
4
1
1
4
1
1
0
1
4
1
3
1
2
3
5
3
0
2
5
1
5
3
6
1
6
3
5
0
4
2
3
0
4
0
5
4
3
1819074523
0
4
4
1
1
4
1
1
0
1
4
1
3
1
2
3
5
3
0
2
5
1
5
3
4
1
6
3
5
0
4
2
3
0
4
0
5
4
3
1819074523
0
4
4
1
0
4
1
0
0
1
3
1
2
1
1
3
4
3
0
2
5
1
5
3
6
1
6
3
5
0
4
2
3
0
4
0
5
4
3
1819074523
0
4
4
1
1
4
1
1
0
1
4
1
3
1
2
3
5
3
0
2
5
1
5
3
6
1
6
3
5
0
4
2
4
0
4
0
5
4
3
1819074523
0
4
4
1
1
4
1
1
0
1
4
1
3
1
2
3
5
3
0
2
5
1
5
3
6
1
6
3
5
0
4
2
0
0
4
0
5
4
3
1819074523
0
4
4
1
0
4
1
1
0
1
4
1
3
1
2
3
5
3
0
2
5
1
5
3
6
1
6
3
5
0
4
2
3
0
4
0
5
4
3
1819074523
0
4
4
1
1
4
1
1
0
1
4
1
3
1
2
3
5
3
0
2
5
1
0
3
6
1
6
3
5
0
4
2
3
0
4
0
5
4
3
1819074523
0
4
4
1
1
4
1
1
0
1
5
1
3
1
2
3
6
3
0
2
6
1
6
3
7
1
7
3
4
0
4
2
3
0
4
0
5
4
3
1819074523
0
4
4
1
1
4
1
1
0
1
4
1
3
1
2
3
5
3
0
2
5
1
5
3
6
1
7
3
6
0
4
2
3
0
4
0
5
4
3
1819074523
0
4
4
1
0
4
1
0
0
1
3
1
2
1
1
3
0
3
0
2
5
1
5
3
6
1
6
3
5
0
4
2
3
0
4
0
5
4
3
1819074523
0
4
4
1
1
4
1
1
0
1
4
1
3
1
2
3
5
3
0
2
0
1
5
3
6
1
6
3
5
0
4
2
3
0
4
0
5
4
3
1819074523
0
4
4
1
0
4
1
0
0
1
2
1
1
1
1
3
5
3
0
2
5
1
5
3
6
1
6
3
5
0
4
2
3
0
4
0
5
4
3
1819074523
0
4
4
1
0
4
1
0
0
1
3
1
1
1
2
3
5
3
0
2
5
1
5
3
6
1
6
3
5
0
4
2
3
0
4
0
5
4
3
1819074523
0
4
4
1
1
4
1
1
0
1
4
1
3
1
2
3
0
3
0
2
5
1
5
3
6
1
6
3
5
0
4
2
3
0
4
0
5
4
3
1819074523
0
4
4
1
1
4
1
1
0
1
4
1
3
1
2
3
5
3
0
2
5
1
5
3
6
1
6
3
6
0
4
2
3
0
4
0
5
4
3
1819074523
0
4
4
1
1
4
1
1
0
1
4
1
3
1
2
3
5
3
0
2
5
1
5
3
6
1
6
3
7
0
4
2
3
0
4
0
5
4
3
1819074523
0
4
4
1
1
4
1
1
0
1
4
1
3
1
2
3
5
3
0
2
5
1
5
3
6
1
6
3
4
0
4
2
3
0
4
0
5
4
3
1819074523
0
4
4
1
1
4
1
1
0
1
4
1
3
1
2
3
5
3
0
2
5
1
5
3
6
1
6
3
0
0
4
2
3
0
4
0
5
4
3
1819074523
0
4
4
1
1
4
1
1
0
1
4
1
3
1
2
3
5
3
0
2
5
1
5
3
6
1
6
3
1
0
4
2
3
0
4
0
5
4
3
1819074523
0
4
4
1
1
4
1
1
0
1
2
1
0
1
2
3
5
3
0
2
5
1
5
3
6
1
6
3
5
0
4
2
3
0
4
0
5
4
3
1819074523
0
4
4
1
0
4
1
0
0
1
2
1
1
1
2
3
5
3
0
2
5
1
5
3
6
1
6
3
5
0
4
2
3
0
4
0
5
4
3
1819074523
0
4
4
1
0
4
1
0
0
1
2
1
1
1
3
3
5
3
0
2
5
1
5
3
6
1
6
3
5
0
4
2
3
0
4
0
5
4
3
1819074523
0
4
4
1
1
4
1
1
0
1
0
1
3
1
2
3
5
3
0
2
5
1
5
3
6
1
6
3
5
0
4
2
3
0
4
0
5
4
3
1819074523
0
4
4
1
0
4
1
0
0
1
1
1
1
1
2
3
5
3
0
2
5
1
5
3
6
1
6
3
5
0
4
2
3
0
4
0
5
4
3
1819074523
0
4
4
1
0
4
1
0
0
1
1
1
2
1
2
3
5
3
0
2
5
1
5
3
6
1
6
3
5
0
4
2
3
0
4
0
5
4
3
1819074523
0
4
4
1
1
4
1
0
0
1
4
1
3
1
2
3
5
3
0
2
5
1
5
3
6
1
6
3
5
0
4
2
3
0
4
0
5
4
3
1819074523
0
4
4
1
1
4
1
1
0
1
4
1
3
1
2
3
5
3
0
2
5
1
5
3
0
1
6
3
5
0
4
2
3
0
4
0
5
4
3
1819074523
0
4
4
1
1
4
1
1
0
1
4
1
3
1
2
3
5
3
0
2
5
1
5
3
1
1
6
3
5
0
4
2
3
0
4
0
5
4
3
1819074523
0
4
4
1
1
4
1
1
0
1
4
1
3
1
2
3
5
3
0
2
5
1
5
3
2
1
6
3
5
0
4
2
3
0
4
0
5
4
3
1819074523
0
4
4
1
1
4
1
1
0
1
5
1
4
1
2
3
6
3
0
2
6
1
6
3
3
1
6
3
5
0
4
2
3
0
4
0
5
4
3
1819074523
0
4
4
1
1
4
1
1
0
1
5
1
3
1
2
3
6
3
0
2
6
1
6
3
7
1
4
3
5
0
4
2
3
0
4
0
5
4
3
1819074523
0
4
4
1
1
4
1
1
0
1
3
1
2
1
0
3
5
3
0
2
5
1
5
3
6
1
6
3
5
0
4
2
3
0
4
0
5
4
3
1819074523
0
4
4
1
1
4
1
1
0
1
4
1
3
1
2
3
5
3
0
2
5
1
5
3
5
1
6
3
5
0
4
2
3
0
4
0
5
4
1
1309891870
5
0
2
773375095
5
5
5
3
2141886318
5
3
1393636058
0
1
999203694
0
5
5
5
5
3
1990240982
5
0
2
821622370
2
2081550482
5
3
1255175376
2
681038719
2
207226893
2
727718955
0
5
0
5
3
294087157
2
1552344091
2
2001284668
5
4
5
5
2
1005479218
5
0
4
1
823260537
0
5
1
1833140725
4
2
626217628
2
1436657528
5
1
0
4
2
0
2
1436657528
5
1
0
4
2
1
2
1436657528
5
1
0
4
2
0
2
1436657528
5
1
1
4
2
0
2
1436657528
5
1
0
4
2
1
2
0
5
1
1
4
2
2
2
0
5
2
812600922
1
879625948
1
2064232306
5
2
812600922
1
0
1
0
5
2
812600922
1
1
1
0
5
2
812600922
1
0
1
0
5
5
0
0
0
5
5
2
1681919816
2
1410629099
0
5
3
787850570
3
222365797
0
3
1615338636
0
5
0
4
4
0
0
4
5
1
2066991839
4
2
1181370894
5
1
0
4
2
0
5
1
0
4
2
1
5
1
0
4
2
0
5
1
1
4
2
0
5
5
3
813667453
2
1297933237
0
3
1576037058
3
1779408553
3
1433002847
0
5
1
1281314620
1
129293591
0
0
4
0
1
288540927
3
1395992606
2
1623829904
3
65938667
1
1965264318
4
4
0
0
1
1613008761
2
991471358
2
1116807547
1
1571474978
1
955456332
4
1
1084749923
4
1
882779779
2
1461920904
4
4
1
473508131
0
4
4
1
660438308
1
1477062465
2
421388183
3
140667495
1
1352224577
4
1
1126725496
0
2
2082181828
2
1711754109
1
2092320786
3
1902227882
1
350273389
5
1
11
1
1
0
0
4
0
1
3
3
12
2
12
3
0
1
16
4
4
0
0
1
15
2
4
2
4
1
14
1
8
4
1
9
4
1
7
2
12
4
4
1
5
0
4
4
1
6
1
13
2
4
3
2
1
12
4
1
10
0
2
17
2
14
1
2092320786
3
1902227882
1
350273389
5
1
4
1
1
0
0
4
0
1
2
3
5
2
5
3
0
1
7
4
4
0
0
1
6
2
3
2
3
1
5
1
3
4
1
3
4
1
7
2
12
4
4
1
5
0
4
4
1
6
1
13
2
4
3
2
1
12
4
1
10
0
2
17
2
14
1
2092320786
3
1902227882
1
350273389
5
1
4
1
1
0
0
4
0
1
2
3
5
2
5
3
0
1
7
4
4
0
0
1
6
2
3
2
3
1
5
1
3
4
1
3
4
1
7
2
8
4
4
1
5
0
4
4
1
6
1
10
2
4
3
2
1
9
4
1
8
0
2
11
2
11
1
11
3
5
1
350273389
5
1
4
1
1
0
0
4
0
1
2
3
5
2
5
3
0
1
6
4
4
0
0
1
5
2
3
2
4
1
5
1
3
4
1
3
4
1
7
2
12
4
4
1
5
0
4
4
1
6
1
13
2
4
3
2
1
12
4
1
10
0
2
17
2
14
1
2092320786
3
1902227882
1
350273389
5
1
4
1
1
0
0
4
0
1
2
3
5
2
5
3
0
1
6
4
4
0
0
1
5
2
3
2
4
1
5
1
3
4
1
3
4
1
7
2
8
4
4
1
5
0
4
4
1
6
1
8
2
4
3
1
1
12
4
1
10
0
2
17
2
14
1
2092320786
3
1902227882
1
350273389
5
1
4
1
1
0
0
4
0
1
2
3
5
2
5
3
0
1
6
4
4
0
0
1
5
2
3
2
4
1
1
1
3
4
1
3
4
1
7
2
12
4
4
1
5
0
4
4
1
6
1
13
2
4
3
2
1
12
4
1
10
0
2
17
2
14
1
2092320786
3
1902227882
1
350273389
5
1
4
1
1
0
0
4
0
1
2
3
5
2
5
3
0
1
6
4
4
0
0
1
5
2
3
2
4
1
5
1
3
4
1
3
4
1
7
2
8
4
4
1
5
0
4
4
1
6
1
8
2
4
3
3
1
12
4
1
10
0
2
17
2
14
1
2092320786
3
1902227882
1
350273389
5
1
4
1
1
0
0
4
0
1
2
3
5
2
5
3
0
1
6
4
4
0
0
1
5
2
3
2
4
1
5
1
3
4
1
3
4
1
7
2
8
4
4
1
5
0
4
4
1
6
1
10
2
4
3
2
1
9
4
1
8
0
2
8
2
14
1
2092320786
3
1902227882
1
350273389
5
1
0
1
0
0
0
4
0
1
2
3
5
2
5
3
0
1
6
4
4
0
0
1
5
2
3
2
4
1
5
1
3
4
1
3
4
1
7
2
12
4
4
1
5
0
4
4
1
6
1
13
2
4
3
2
1
12
4
1
10
0
2
17
2
14
1
2092320786
3
1902227882
1
350273389
5
1
2
1
0
0
0
4
0
1
1
3
0
2
5
3
0
1
6
4
4
0
0
1
5
2
3
2
4
1
5
1
3
4
1
3
4
1
7
2
12
4
4
1
5
0
4
4
1
6
1
13
2
4
3
2
1
12
4
1
10
0
2
17
2
14
1
2092320786
3
1902227882
1
350273389
5
1
3
1
1
0
0
4
0
1
2
3
4
2
4
3
0
1
5
4
4
0
0
1
4
2
3
2
4
1
5
1
3
4
1
3
4
1
7
2
12
4
4
1
5
0
4
4
1
6
1
13
2
4
3
2
1
12
4
1
10
0
2
17
2
14
1
2092320786
3
1902227882
1
350273389
5
1
4
1
1
0
0
4
0
1
2
3
5
2
5
3
0
1
6
4
4
0
0
1
5
2
3
2
4
1
5
1
3
4
1
3
4
1
7
2
0
4
4
1
5
0
4
4
1
6
1
13
2
4
3
2
1
12
4
1
10
0
2
17
2
14
1
2092320786
3
1902227882
1
350273389
5
1
4
1
1
0
0
4
0
1
2
3
5
2
5
3
0
1
6
4
4
0
0
1
5
2
3
2
4
1
5
1
3
4
1
3
4
1
7
2
7
4
4
1
5
0
4
4
1
6
1
13
2
4
3
2
1
12
4
1
10
0
2
17
2
14
1
2092320786
3
1902227882
1
350273389
5
1
4
1
1
0
0
4
0
1
2
3
5
2
5
3
0
1
6
4
4
0
0
1
5
2
3
2
4
1
5
1
3
4
1
3
4
1
7
2
8
4
4
1
5
0
4
4
1
6
1
10
2
4
3
2
1
9
4
1
8
0
2
3
2
14
1
2092320786
3
1902227882
1
350273389
5
1
2
1
0
0
0
4
0
1
1
3
0
2
5
3
0
1
6
4
4
0
0
1
5
2
3
2
4
1
5
1
3
4
1
3
4
1
7
2
8
4
4
1
5
0
4
4
1
6
1
10
2
4
3
2
1
9
4
1
8
0
2
3
2
14
1
2092320786
3
1902227882
1
350273389
5
1
4
1
1
0
0
4
0
1
2
3
5
2
5
3
0
1
6
4
4
0
0
1
5
2
3
2
4
1
5
1
3
4
1
3
4
1
7
2
8
4
4
1
5
0
4
4
1
6
1
9
2
4
3
2
1
8
4
1
8
0
2
3
2
14
1
2092320786
3
1902227882
1
350273389
5
1
4
1
1
0
0
4
0
1
2
3
5
2
5
3
0
1
6
4
4
0
0
1
5
2
3
2
4
1
5
1
3
4
1
3
4
1
7
2
8
4
4
1
5
0
4
4
1
6
1
8
2
4
3
1
1
8
4
1
8
0
2
3
2
14
1
2092320786
3
1902227882
1
350273389
5
1
4
1
1
0
0
4
0
1
2
3
5
2
5
3
0
1
6
4
4
0
0
1
5
2
3
2
4
1
1
1
3
4
1
3
4
1
7
2
8
4
4
1
5
0
4
4
1
6
1
9
2
4
3
2
1
8
4
1
8
0
2
3
2
14
1
2092320786
3
1902227882
1
350273389
5
1
2
1
0
0
0
4
0
1
1
3
0
2
5
3
0
1
6
4
4
0
0
1
5
2
3
2
4
1
5
1
3
4
1
3
4
1
7
2
8
4
4
1
5
0
4
4
1
6
1
9
2
4
3
2
1
8
4
1
8
0
2
3
2
14
1
2092320786
3
1902227882
1
350273389
5
1
3
1
1
0
0
4
0
1
2
3
4
2
4
3
0
1
5
4
4
0
0
1
4
2
3
2
4
1
5
1
3
4
1
3
4
1
7
2
8
4
4
1
5
0
4
4
1
6
1
9
2
4
3
2
1
8
4
1
8
0
2
3
2
14
1
2092320786
3
1902227882
1
350273389
5
1
2
1
0
0
0
4
0
1
1
3
3
2
3
3
0
1
6
4
4
0
0
1
5
2
3
2
4
1
5
1
3
4
1
3
4
1
7
2
8
4
4
1
5
0
4
4
1
6
1
9
2
4
3
2
1
8
4
1
8
0
2
3
2
14
1
2092320786
3
1902227882
1
350273389
5
1
4
1
1
0
0
4
0
1
2
3
5
2
5
3
0
1
6
4
4
0
0
1
5
2
3
2
4
1
5
1
3
4
1
3
4
1
7
2
5
4
4
1
5
0
4
4
1
6
1
9
2
4
3
2
1
8
4
1
8
0
2
3
2
14
1
2092320786
3
1902227882
1
350273389
5
1
0
1
0
0
0
4
0
1
2
3
5
2
5
3
0
1
6
4
4
0
0
1
5
2
3
2
4
1
5
1
3
4
1
3
4
1
7
2
8
4
4
1
5
0
4
4
1
6
1
9
2
4
3
2
1
8
4
1
8
0
2
3
2
14
1
2092320786
3
1902227882
1
350273389
5
1
4
1
1
0
0
4
0
1
2
3
5
2
5
3
0
1
6
4
4
0
0
1
5
2
3
2
4
1
5
1
3
4
1
3
4
1
7
2
0
4
4
1
5
0
4
4
1
6
1
9
2
4
3
2
1
8
4
1
8
0
2
3
2
14
1
2092320786
3
1902227882
1
350273389
5
1
4
1
1
0
0
4
0
1
2
3
5
2
5
3
0
1
6
4
4
0
0
1
5
2
3
2
4
1
5
1
3
4
1
3
4
1
7
2
8
4
4
1
5
0
4
4
1
6
1
8
2
4
3
3
1
8
4
1
8
0
2
3
2
14
1
2092320786
3
1902227882
1
350273389
5
1
4
1
1
0
0
4
0
1
2
3
5
2
5
3
0
1
6
4
4
0
0
1
5
2
3
2
4
1
5
1
3
4
1
3
4
1
7
2
8
4
4
1
5
0
4
4
1
6
1
8
2
5
3
2
1
8
4
1
8
0
2
3
2
14
1
2092320786
3
1902227882
1
350273389
5
1
4
1
1
0
0
4
0
1
2
3
5
2
5
3
0
1
6
4
4
0
0
1
5
2
3
2
4
1
5
1
3
4
1
3
4
1
7
2
8
4
4
1
5
0
4
4
1
6
1
9
2
4
3
2
1
8
4
1
8
0
2
4
2
14
1
2092320786
3
1902227882
1
350273389
5
1
3
1
1
0
0
4
0
1
2
3
0
2
5
3
0
1
6
4
4
0
0
1
5
2
3
2
4
1
5
1
3
4
1
3
4
1
7
2
8
4
4
1
5
0
4
4
1
6
1
9
2
4
3
2
1
8
4
1
8
0
2
3
2
14
1
2092320786
3
1902227882
1
350273389
5
1
4
1
1
0
0
4
0
1
2
3
5
2
5
3
0
1
7
4
4
0
0
1
6
2
3
2
4
1
6
1
4
4
1
4
4
1
8
2
9
4
4
1
6
0
4
4
1
7
1
9
2
5
3
3
1
8
4
1
8
0
2
3
2
14
1
2092320786
3
1902227882
1
350273389
5
1
4
1
1
0
0
4
0
1
2
3
5
2
5
3
0
1
6
4
4
0
0
1
5
2
3
2
4
1
5
1
3
4
1
3
4
1
7
2
8
4
4
1
5
0
4
4
1
6
1
8
2
0
3
2
1
8
4
1
8
0
2
3
2
14
1
2092320786
3
1902227882
1
350273389
5
1
2
1
0
0
0
4
0
1
1
3
3
2
2
3
0
1
6
4
4
0
0
1
5
2
3
2
4
1
5
1
3
4
1
3
4
1
7
2
8
4
4
1
5
0
4
4
1
6
1
9
2
4
3
2
1
8
4
1
8
0
2
3
2
14
1
2092320786
3
1902227882
1
350273389
5
1
4
1
1
0
0
4
0
1
2
3
5
2
5
3
0
1
6
4
4
0
0
1
5
2
3
2
4
1
5
1
3
4
1
3
4
1
7
2
8
4
4
1
5
0
4
4
1
6
1
9
2
4
3
2
1
8
4
1
8
0
2
3
2
10
1
10
3
8
1
350273389
5
1
4
1
1
0
0
4
0
1
2
3
5
2
5
3
0
1
6
4
4
0
0
1
5
2
3
2
4
1
5
1
3
4
1
3
4
1
7
2
8
4
4
1
6
0
4
4
1
6
1
9
2
4
3
2
1
8
4
1
8
0
2
3
2
14
1
2092320786
3
1902227882
1
350273389
5
1
4
1
1
0
0
4
0
1
2
3
5
2
5
3
0
1
6
4
4
0
0
1
5
2
3
2
4
1
5
1
3
4
1
3
4
1
8
2
9
4
4
1
7
0
4
4
1
6
1
9
2
4
3
2
1
8
4
1
8
0
2
3
2
14
1
2092320786
3
1902227882
1
350273389
5
1
4
1
1
0
0
4
0
1
2
3
5
2
5
3
0
1
6
4
4
0
0
1
5
2
3
2
4
1
5
1
3
4
1
3
4
1
7
2
8
4
4
1
5
0
4
4
1
6
1
9
2
4
3
2
1
8
4
1
8
0
2
3
2
10
1
11
3
10
1
0
5
1
4
1
1
0
0
4
0
1
2
3
5
2
5
3
0
1
6
4
4
0
0
1
5
2
3
2
4
1
5
1
3
4
1
3
4
1
7
2
8
4
4
1
5
0
4
4
1
6
1
9
2
4
3
2
1
8
4
1
8
0
2
3
2
10
1
11
3
10
1
1
5
1
4
1
1
0
0
4
0
1
2
3
5
2
5
3
0
1
6
4
4
0
0
1
5
2
3
2
4
1
5
1
3
4
1
3
4
1
7
2
8
4
4
1
5
0
4
4
1
6
1
10
2
4
3
2
1
9
4
1
9
0
2
3
2
11
1
11
3
8
1
350273389
5
1
4
1
1
0
0
4
0
1
2
3
5
2
5
3
0
1
6
4
4
0
0
1
5
2
3
2
4
1
5
1
3
4
1
3
4
1
7
2
3
4
4
1
5
0
4
4
1
6
1
9
2
4
3
2
1
8
4
1
8
0
2
3
2
14
1
2092320786
3
1902227882
1
350273389
5
1
4
1
1
0
0
4
0
1
2
3
5
2
5
3
0
1
6
4
4
0
0
1
5
2
3
2
4
1
5
1
3
4
1
3
4
1
7
2
8
4
4
1
5
0
4
4
1
6
1
10
2
4
3
2
1
8
4
1
9
0
2
3
2
14
1
2092320786
3
1902227882
1
350273389
5
1
4
1
1
0
0
4
0
1
2
3
5
2
5
3
0
1
6
4
4
0
0
1
5
2
3
2
4
1
5
1
3
4
1
3
4
1
7
2
8
4
4
1
5
0
4
4
1
6
1
9
2
4
3
2
1
8
4
1
8
0
2
3
2
10
1
8
3
1902227882
1
350273389
5
1
4
1
1
0
0
4
0
1
2
3
5
2
5
3
0
1
6
4
4
0
0
1
5
2
3
2
4
1
5
1
3
4
1
3
4
1
7
2
8
4
4
1
5
0
4
4
1
6
1
9
2
4
3
2
1
8
4
1
8
0
2
3
2
0
1
2092320786
3
1902227882
1
350273389
5
1
4
1
1
0
0
4
0
1
2
3
5
2
5
3
0
1
6
4
4
0
0
1
5
2
3
2
4
1
5
1
3
4
1
3
4
1
7
2
8
4
4
1
5
0
4
4
1
6
1
9
2
4
3
2
1
8
4
1
8
0
2
3
2
1
1
2092320786
3
1902227882
1
350273389
5
1
4
1
1
0
0
4
0
1
2
3
5
2
5
3
0
1
6
4
4
0
0
1
5
2
3
2
4
1
5
1
3
4
1
3
4
1
7
2
8
4
4
1
5
0
4
4
1
6
1
9
2
4
3
2
1
8
4
1
8
0
2
3
2
10
1
10
3
10
1
350273389
5
1
4
1
1
0
0
4
0
1
2
3
5
2
5
3
0
1
6
4
4
0
0
1
5
2
3
2
4
1
5
1
3
4
1
3
4
1
7
2
8
4
4
1
5
0
4
4
1
6
1
9
2
4
3
2
1
8
4
1
8
0
2
3
2
10
1
10
3
11
1
350273389
5
5
0
2
1764395740
3
281486335
4
4
2
522601650
4
0
2
1861772786
4
3
2010953221
1
888702372
2
1950578299
4
4
0
0
1
790029667
4
0
4
2
989330276
4
4
4
5
0
2
1764395740
3
281486335
4
4
2
522601650
4
0
2
1861772786
4
3
2010953221
1
1
2
2
4
4
0
0
1
0
4
0
4
2
1
4
4
4
5
0
2
1764395740
3
281486335
4
4
2
522601650
4
0
2
1861772786
4
3
2010953221
1
2
2
3
4
4
0
0
1
1
4
0
4
2
0
4
4
4
5
0
2
1764395740
3
281486335
4
4
2
522601650
4
0
2
1861772786
4
3
2010953221
1
0
2
1
4
4
0
0
1
0
4
0
4
2
0
4
4
4
5
0
2
1764395740
3
281486335
4
4
2
522601650
4
0
2
1861772786
4
3
2010953221
1
0
2
1
4
4
0
0
1
1
4
0
4
2
0
4
4
4
5
0
2
1764395740
3
281486335
4
4
2
522601650
4
0
2
1861772786
4
3
2010953221
1
1
2
2
4
4
0
0
1
0
4
0
4
2
0
4
4
4
5
0
2
1764395740
3
281486335
4
4
2
522601650
4
0
2
1861772786
4
3
2010953221
1
0
2
0
4
4
0
0
1
1
4
0
4
2
0
4
4
4
5
0
2
1764395740
3
281486335
4
4
2
522601650
4
0
2
1861772786
4
3
2010953221
1
1
2
2
4
4
0
0
1
2
4
0
4
2
0
4
4
4
5
0
2
1764395740
3
281486335
4
4
2
522601650
4
0
2
1861772786
4
3
2010953221
1
0
2
1
4
4
0
0
1
2
4
0
4
2
1
4
4
4
5
0
2
1764395740
3
281486335
4
4
2
522601650
4
0
2
1861772786
4
3
2010953221
1
0
2
1
4
4
0
0
1
1
4
0
4
2
1
4
4
4
5
0
2
1764395740
3
281486335
4
4
2
522601650
4
0
2
1861772786
4
3
2010953221
1
0
2
1
4
4
0
0
1
1
4
0
4
2
2
4
4
4
5
0
2
1764395740
3
281486335
4
4
2
522601650
4
0
2
1861772786
4
3
2010953221
1
1
2
0
4
4
0
0
1
1
4
0
4
2
0
4
4
4
5
0
2
1764395740
3
281486335
4
4
2
522601650
4
0
2
1861772786
4
3
2010953221
1
0
2
1
4
4
0
0
1
0
4
0
4
2
0
4
4
4
5
3
1917229586
3
1082492890
3
487681098
5
0
3
1781899494
1
905668714
4
1
2123487399
3
742020815
5
0
3
1781899494
1
0
4
1
0
3
742020815
5
0
3
1781899494
1
1
4
1
0
3
742020815
5
0
3
1781899494
1
1
4
1
0
3
1
5
0
3
1781899494
1
1
4
1
0
3
0
5
0
3
1781899494
1
0
4
1
0
3
0
5
0
3
1781899494
1
2
4
1
0
3
1
5
0
3
1781899494
1
2
4
1
1
3
0
5
0
3
1781899494
1
1
4
1
0
3
1
5
0
3
1781899494
1
1
4
1
0
3
2
5
3
290521605
5
5
3
595627403
3
308734195
5
3
2049652060
2
1915128058
1
979135607
1
1304393453
2
1835687056
2
2000121941
1
1021169045
0
5
3
2049652060
2
1915128058
1
0
1
1
2
2
2
0
1
1021169045
0
5
3
2049652060
2
1915128058
1
0
1
1
2
2
2
0
1
1
0
5
3
2049652060
2
1915128058
1
0
1
1
2
2
2
0
1
0
0
5
3
2049652060
2
1915128058
1
1
1
2
2
3
2
0
1
0
0
5
3
2049652060
2
1915128058
1
1
1
0
2
3
2
0
1
0
0
5
3
2049652060
2
1915128058
1
0
1
1
2
0
2
0
1
0
0
5
3
2049652060
2
1915128058
1
0
1
1
2
2
2
0
1
0
0
5
3
2049652060
2
1915128058
1
1
1
2
2
0
2
0
1
0
0
5
3
2049652060
2
1915128058
1
0
1
1
2
1
2
0
1
0
0
5
3
2049652060
2
1915128058
1
1
1
0
2
1
2
0
1
0
0
5
3
2049652060
2
1915128058
1
1
1
2
2
0
2
0
1
0
0
5
3
2049652060
2
1915128058
1
0
1
1
2
1
2
1
1
0
0
5
3
2049652060
2
1915128058
1
0
1
1
2
0
2
0
1
0
0
5
3
2049652060
2
1915128058
1
0
1
1
2
2
2
0
1
0
0
5
3
2049652060
2
1915128058
1
1
1
2
2
2
2
0
1
0
0
5
3
2049652060
2
1915128058
1
0
1
0
2
1
2
0
1
0
0
5
5
5
2
2089777816
5
0
1
879356250
0
0
2
1235436769
3
1355411686
0
0
5
0
1
0
0
0
2
1
3
0
0
0
5
0
1
0
0
0
2
0
3
0
0
0
5
0
1
1
0
0
2
0
3
0
0
0
5
0
1
0
0
0
2
0
3
0
0
0
5
0
1
1
0
0
2
0
3
1
0
0
5
1
1139777830
1
1196956363
2
1605059581
3
2005070102
0
5
1
0
1
0
2
1605059581
3
2005070102
0
5
1
0
1
0
2
0
3
2005070102
0
5
1
1
1
0
2
0
3
2005070102
0
5
1
1
1
0
2
0
3
1
0
5
1
1
1
0
2
0
3
0
0
5
1
2
1
1
2
0
3
0
0
5
1
0
1
0
2
0
3
0
0
5
1
2
1
1
2
0
3
1
0
5
1
0
1
0
2
0
3
1
0
5
1
1
1
0
2
0
3
1
0
5
1
2
1
1
2
0
3
0
0
5
1
3
1
1
2
0
3
2
0
5
1
2
1
1
2
0
3
2
0
5
1
2
1
1
2
0
3
3
0
5
1
1899205820
1
398369456
2
1865880041
5
1
1
1
0
2
0
5
1
2
1
1
2
0
5
1
0
1
0
2
0
5
1
0
1
1
2
0
5
1
1
1
0
2
0
5
1
0
1
2
2
1
5
1
1
1
2
2
0
5
1
0
1
1
2
1
5
1
0
1
1
2
2
5
1
0
1
0
2
0
5
0
4
3
1075303196
3
2112919697
4
2
1300860680
3
1642823264
0
4
4
1
1351933725
5
1
491934139
1
1955916080
3
315773839
5
1
0
1
1
3
0
5
1
0
1
0
3
0
5
1
1
1
0
3
0
5
1
2
1
0
3
1
5
1
0
1
0
3
1
5
1
2
1
1
3
0
5
1
1
1
0
3
1
5
1
1
1
0
3
2
5
1
1
1
0
3
0
5
0
3
1801464338
3
269721185
5
4
5
3
1159521777
1
884773907
2
218464264
1
1976889158
2
1417905421
3
83282107
1
1086506710
4
0
5
3
1159521777
1
1
2
0
1
2
2
1
3
83282107
1
1086506710
4
0
5
3
1159521777
1
1
2
0
1
2
2
1
3
3
1
0
4
0
5
3
1159521777
1
1
2
0
1
2
2
1
3
2
1
0
4
0
5
3
1159521777
1
1
2
0
1
1
2
1
3
2
1
0
4
0
5
3
1159521777
1
1
2
0
1
2
2
1
3
2
1
0
4
0
5
3
1159521777
1
1
2
0
1
0
2
1
3
2
1
0
4
0
5
3
1159521777
1
1
2
0
1
1
2
0
3
2
1
0
4
0
5
3
1159521777
1
0
2
0
1
1
2
1
3
2
1
0
4
0
5
3
1159521777
1
1
2
0
1
1
2
2
3
2
1
0
4
0
5
1
585883190
3
716908224
2
1421965645
0
3
402402392
4
5
1
1
3
2
2
0
0
3
402402392
4
5
1
1
3
2
2
0
0
3
1
4
5
1
0
3
1
2
0
0
3
1
4
5
1
1
3
2
2
0
0
3
1
4
5
1
0
3
1
2
1
0
3
1
4
5
1
1
3
0
2
0
0
3
1
4
5
1
0
3
0
2
0
0
3
1
4
5
5
5
4
1
1035675870
1
1255479368
0
3
1973007707
0
2
143289944
1
660948966
2
1995026666
3
977445805
4
2
2033315947
1
413237435
1
2078511223
4
2
1685472974
4
4
3
567399072
2
1818095606
0
3
926091326
0
4
0
0
4
2
1290386903
4
2
1137929921
1
1292541105
3
1802932035
2
1185800240
1
642129871
1
268559435
1
654817141
3
782151893
2
25369897
5
4
1
1
1
2
0
3
3
0
2
0
1
0
2
2
3
977445805
4
2
2033315947
1
413237435
1
2078511223
4
2
1685472974
4
4
3
567399072
2
1818095606
0
3
926091326
0
4
0
0
4
2
1290386903
4
2
1137929921
1
1292541105
3
1802932035
2
1185800240
1
642129871
1
268559435
1
654817141
3
782151893
2
25369897
5
4
1
1
1
2
0
3
3
0
2
0
1
0
2
2
3
2
4
2
2
1
1
1
2078511223
4
2
1685472974
4
4
3
567399072
2
1818095606
0
3
926091326
0
4
0
0
4
2
1290386903
4
2
1137929921
1
1292541105
3
1802932035
2
1185800240
1
642129871
1
268559435
1
654817141
3
782151893
2
25369897
5
4
1
1
1
2
0
3
3
0
2
0
1
0
2
2
3
1
4
2
2
1
1
1
2078511223
4
2
1685472974
4
4
3
567399072
2
1818095606
0
3
926091326
0
4
0
0
4
2
1290386903
4
2
1137929921
1
1292541105
3
1802932035
2
1185800240
1
642129871
1
268559435
1
654817141
3
782151893
2
25369897
5
4
1
1
1
2
0
3
3
0
2
0
1
0
2
2
3
1
4
2
2
1
1
1
5
4
2
2
4
4
3
2
2
2
0
3
2
0
4
0
0
4
2
2
4
2
2
1
3
3
4
2
2
1
0
1
268559435
1
654817141
3
782151893
2
25369897
5
4
1
1
1
2
0
3
3
0
2
0
1
0
2
2
3
1
4
2
2
1
1
1
8
4
2
2
4
4
3
2
2
2
0
3
2
0
4
0
0
4
2
2
4
2
2
1
6
3
7
2
2
1
3
1
2
1
4
3
5
2
0
5
4
1
1
1
2
0
3
3
0
2
0
1
0
2
2
3
1
4
2
2
1
1
1
0
4
2
2
4
4
3
2
2
2
0
3
2
0
4
0
0
4
2
2
4
2
2
1
6
3
7
2
2
1
3
1
2
1
4
3
5
2
0
5
4
1
1
1
2
0
3
3
0
2
0
1
0
2
2
3
1
4
2
2
1
0
1
0
4
2
2
4
4
3
2
2
2
0
3
2
0
4
0
0
4
2
2
4
2
2
1
6
3
7
2
2
1
3
1
2
1
4
3
5
2
0
5
4
1
1
1
2
0
3
3
0
2
0
1
0
2
2
3
1
4
2
2
1
1
1
0
4
2
2
4
4
3
2
2
2
0
3
0
0
4
0
0
4
2
2
4
2
2
1
6
3
7
2
2
1
3
1
2
1
4
3
5
2
0
5
4
1
2
1
3
0
3
4
0
2
0
1
1
2
3
3
2
4
2
3
1
2
1
1
4
2
3
4
4
3
3
2
3
0
3
3
0
4
0
0
4
2
3
4
2
3
1
7
3
8
2
3
1
4
1
3
1
5
3
6
2
0
5
4
1
1
1
2
0
3
3
0
2
0
1
0
2
2
3
1
4
2
2
1
1
1
0
4
2
2
4
4
3
2
2
2
0
3
2
0
4
0
0
4
2
2
4
2
2
1
6
3
7
2
2
1
3
1
2
1
4
3
5
2
2
5
4
1
1
1
2
0
3
3
0
2
0
1
0
2
2
3
1
4
2
2
1
1
1
0
4
2
2
4
4
3
2
2
2
0
3
2
0
4
0
0
4
2
2
4
2
2
1
2
3
3
2
0
1
3
1
2
1
4
3
5
2
2
5
4
1
1
1
2
0
3
3
0
2
0
1
0
2
0
3
1
4
2
2
1
1
1
0
4
2
2
4
4
3
2
2
2
0
3
2
0
4
0
0
4
2
2
4
2
2
1
6
3
7
2
2
1
3
1
2
1
4
3
5
2
2
5
4
1
0
1
1
0
3
0
0
2
0
1
0
2
2
3
1
4
2
2
1
1
1
0
4
2
2
4
4
3
2
2
2
0
3
2
0
4
0
0
4
2
2
4
2
2
1
6
3
7
2
2
1
3
1
2
1
4
3
5
2
2
5
4
1
0
1
1
0
3
2
0
2
0
1
0
2
2
3
1
4
2
2
1
1
1
0
4
2
2
4
4
3
2
2
2
0
3
2
0
4
0
0
4
2
2
4
2
2
1
6
3
7
2
2
1
3
1
2
1
4
3
5
2
2
5
4
1
1
1
2
0
3
3
0
2
0
1
1
2
2
3
1
4
2
2
1
1
1
0
4
2
2
4
4
3
2
2
2
0
3
2
0
4
0
0
4
2
2
4
2
2
1
6
3
7
2
2
1
3
1
2
1
4
3
5
2
2
5
4
1
1
1
2
0
3
3
0
2
0
1
0
2
2
3
1
4
2
2
1
1
1
0
4
2
2
4
4
3
2
2
2
0
3
2
0
4
0
0
4
2
2
4
2
1
1
6
3
7
2
2
1
3
1
2
1
4
3
5
2
2
5
4
1
1
1
2
0
3
3
0
2
0
1
0
2
2
3
1
4
2
2
1
0
1
0
4
2
2
4
4
3
2
2
2
0
3
2
0
4
0
0
4
2
2
4
2
1
1
6
3
7
2
2
1
3
1
2
1
4
3
5
2
2
5
4
1
0
1
1
0
3
2
0
2
0
1
0
2
2
3
1
4
2
2
1
1
1
0
4
2
2
4
4
3
2
2
2
0
3
2
0
4
0
0
4
2
2
4
2
1
1
6
3
7
2
2
1
3
1
2
1
4
3
5
2
2
5
4
1
1
1
2
0
3
3
0
2
0
1
1
2
2
3
1
4
2
2
1
1
1
0
4
2
2
4
4
3
2
2
2
0
3
2
0
4
0
0
4
2
2
4
2
1
1
6
3
7
2
2
1
3
1
2
1
4
3
5
2
2
5
4
1
1
1
2
0
3
3
0
2
0
1
0
2
2
3
1
4
2
2
1
1
1
0
4
2
2
4
4
3
2
2
2
0
3
2
0
4
0
0
4
2
0
4
2
1
1
6
3
7
2
2
1
3
1
2
1
4
3
5
2
2
5
4
1
1
1
2
0
3
3
0
2
0
1
0
2
2
3
1
4
2
2
1
1
1
0
4
2
2
4
4
3
2
2
2
0
3
2
0
4
0
0
4
2
2
4
2
1
1
1
3
0
2
2
1
3
1
2
1
4
3
5
2
2
5
4
1
1
1
2
0
3
3
0
2
0
1
0
2
2
3
1
4
2
2
1
1
1
0
4
2
2
4
4
3
0
2
2
0
3
2
0
4
0
0
4
2
2
4
2
1
1
1
3
0
2
2
1
3
1
2
1
4
3
5
2
2
5
4
1
1
1
2
0
3
3
0
2
0
1
0
2
2
3
1
4
2
2
1
1
1
0
4
2
2
4
4
3
2
2
2
0
3
2
0
4
0
0
4
2
2
4
2
0
1
1
3
0
2
2
1
3
1
2
1
4
3
5
2
2
5
4
1
1
1
2
0
3
3
0
2
0
1
0
2
2
3
1
4
2
2
1
1
1
0
4
2
2
4
4
3
2
2
0
0
3
2
0
4
0
0
4
2
2
4
2
1
1
1
3
0
2
2
1
3
1
2
1
4
3
5
2
2
5
4
1
0
1
1
0
3
2
0
2
0
1
0
2
2
3
1
4
2
2
1
1
1
0
4
2
2
4
4
3
2
2
2
0
3
2
0
4
0
0
4
2
2
4
2
1
1
1
3
0
2
2
1
3
1
2
1
4
3
5
2
2
5
4
1
1
1
2
0
3
3
0
2
0
1
1
2
2
3
1
4
2
2
1
1
1
0
4
2
2
4
4
3
2
2
2
0
3
2
0
4
0
0
4
2
2
4
2
1
1
1
3
0
2
2
1
3
1
2
1
4
3
5
2
2
5
4
1
2
1
3
0
3
4
0
2
0
1
1
2
3
3
2
4
2
3
1
2
1
1
4
2
3
4
4
3
3
2
3
0
3
3
0
4
0
0
4
2
3
4
2
2
1
2
3
1
2
0
1
3
1
2
1
4
3
5
2
2
5
4
1
1
1
2
0
3
3
0
2
0
1
0
2
2
3
1
4
2
2
1
1
1
0
4
2
1
4
4
3
2
2
2
0
3
2
0
4
0
0
4
2
2
4
2
1
1
1
3
0
2
2
1
3
1
2
1
4
3
5
2
2
5
4
1
1
1
2
0
3
3
0
2
0
1
0
2
2
3
1
4
2
2
1
1
1
0
4
2
2
4
4
3
2
2
2
0
3
2
0
4
0
0
4
2
2
4
2
2
1
1
3
0
2
2
1
3
1
2
1
4
3
5
2
2
5
4
1
1
1
2
0
3
3
0
2
0
1
0
2
2
3
1
4
2
2
1
1
1
0
4
2
2
4
4
3
2
2
2
0
3
2
0
4
0
0
4
2
2
4
2
1
1
1
3
0
2
2
1
3
1
2
1
0
3
5
2
2
5
4
1
1
1
2
0
3
3
0
2
0
1
0
2
2
3
1
4
2
0
1
1
1
0
4
2
2
4
4
3
2
2
2
0
3
2
0
4
0
0
4
2
2
4
2
1
1
1
3
0
2
2
1
3
1
2
1
4
3
5
2
2
5
4
1
2
1
3
0
3
4
0
2
0
1
1
2
3
3
2
4
2
3
1
2
1
1
4
2
3
4
4
3
3
2
3
0
3
3
0
4
0
0
4
2
0
4
2
1
1
1
3
0
2
2
1
3
1
2
1
4
3
5
2
2
5
4
1
2
1
3
0
3
4
0
2
0
1
1
2
3
3
0
4
2
2
1
1
1
0
4
2
2
4
4
3
2
2
2
0
3
2
0
4
0
0
4
2
2
4
2
1
1
1
3
0
2
2
1
3
1
2
1
4
3
5
2
2
5
4
1
1
1
2
0
3
3
0
2
0
1
0
2
2
3
1
4
2
2
1
1
1
0
4
2
2
4
4
3
2
2
2
0
3
2
0
4
0
0
4
2
2
4
2
1
1
1
3
0
2
2
1
3
1
2
1
4
3
3
2
2
5
4
1
1
1
2
0
3
3
0
2
0
1
0
2
2
3
1
4
2
2
1
2
1
0
4
2
2
4
4
3
2
2
2
0
3
2
0
4
0
0
4
2
2
4
2
1
1
1
3
0
2
2
1
3
1
2
1
4
3
5
2
2
5
4
1
2
1
3
0
3
4
0
2
0
1
1
2
3
3
2
4
2
3
1
2
1
1
4
2
3
4
4
3
3
2
3
0
3
3
0
4
0
0
4
2
3
4
2
2
1
2
3
1
2
3
1
3
1
0
1
4
3
5
2
2
5
4
1
1
1
2
0
3
3
0
2
0
1
0
2
2
3
2
4
2
2
1
1
1
0
4
2
2
4
4
3
2
2
2
0
3
2
0
4
0
0
4
2
2
4
2
1
1
1
3
0
2
2
1
3
1
2
1
4
3
5
2
2
5
4
1
1
1
2
0
3
3
0
2
0
1
0
2
3
3
1
4
2
2
1
1
1
0
4
2
2
4
4
3
2
2
2
0
3
2
0
4
0
0
4
2
2
4
2
1
1
1
3
0
2
2
1
3
1
2
1
4
3
5
2
2
5
4
1
1
1
2
0
3
3
0
2
0
1
0
2
2
3
1
4
2
2
1
1
1
0
4
2
2
4
4
3
2
2
2
0
3
2
0
4
0
0
4
2
2
4
2
1
1
1
3
0
2
1
1
3
1
2
1
4
3
5
2
2
5
4
1
1
1
2
0
3
3
0
2
0
1
0
2
2
3
1
4
2
2
1
1
1
0
4
2
2
4
4
3
2
2
2
0
3
2
0
4
0
0
4
2
2
4
2
1
1
1
3
0
2
2
1
0
1
2
1
4
3
5
2
2
5
4
1
1
1
2
0
3
3
0
2
0
1
0
2
2
3
1
4
2
2
1
1
1
0
4
2
2
4
4
3
2
2
2
0
3
2
0
4
0
0
4
2
2
4
2
1
1
1
3
0
2
0
1
3
1
2
1
4
3
5
2
2
5
4
1
2
1
3
0
3
4
0
2
0
1
1
2
3
3
2
4
2
3
1
2
1
1
4
2
3
4
4
3
3
2
3
0
3
3
0
4
0
0
4
2
3
4
2
2
1
2
3
0
2
2
1
3
1
2
1
4
3
5
2
2
5
4
1
2
1
3
0
3
4
0
2
0
1
1
2
3
3
2
4
2
3
1
2
1
1
4
2
3
4
4
3
3
2
3
0
3
3
0
4
0
0
4
2
3
4
2
2
1
0
3
0
2
2
1
3
1
2
1
4
3
5
2
2
5
4
1
2
1
3
0
3
4
0
2
0
1
1
2
3
3
2
4
2
0
1
1
1
0
4
2
2
4
4
3
2
2
2
0
3
2
0
4
0
0
4
2
2
4
2
1
1
1
3
0
2
2
1
3
1
2
1
4
3
5
2
2
5
4
1
1
1
2
0
3
3
0
2
0
1
0
2
2
3
0
4
2
2
1
1
1
0
4
2
2
4
4
3
2
2
2
0
3
2
0
4
0
0
4
2
2
4
2
1
1
1
3
0
2
2
1
3
1
2
1
4
3
5
2
2
5
4
1
1
1
2
0
3
3
0
2
0
1
0
2
2
3
1
4
2
2
1
1
1
0
4
2
2
4
4
3
2
2
2
0
3
2
0
4
0
0
4
2
2
4
2
1
1
1
3
0
2
2
1
2
1
2
1
4
3
5
2
2
5
4
1
1
1
2
0
3
3
0
2
0
1
0
2
2
3
1
4
2
2
1
1
1
0
4
2
2
4
4
3
2
2
2
0
3
2
0
4
0
0
4
2
2
4
2
1
1
1
3
0
2
2
1
2
1
3
1
4
3
5
2
2
5
4
1
2
1
3
0
3
4
0
2
0
1
0
2
3
3
2
4
2
3
1
2
1
1
4
2
2
4
4
3
2
2
2
0
3
2
0
4
0
0
4
2
2
4
2
1
1
1
3
0
2
2
1
3
1
2
1
4
3
5
2
2
5
4
1
1
1
2
0
3
3
0
2
0
1
0
2
2
3
1
4
2
2
1
1
1
0
4
2
2
4
4
3
2
2
2
0
3
2
0
4
0
0
4
2
1
4
2
1
1
1
3
0
2
2
1
3
1
2
1
4
3
5
2
2
5
4
1
1
1
2
0
3
3
0
2
0
1
0
2
2
3
1
4
2
2
1
1
1
0
4
2
0
4
4
3
2
2
2
0
3
2
0
4
0
0
4
2
2
4
2
1
1
1
3
0
2
2
1
3
1
2
1
4
3
5
2
2
5
4
1
1
1
2
0
3
3
0
2
0
1
0
2
2
3
1
4
2
2
1
1
1
0
4
2
2
4
4
3
2
2
2
0
3
2
0
4
0
0
4
2
2
4
2
1
1
1
3
1
2
2
1
3
1
2
1
4
3
5
2
2
5
4
1
1
1
2
0
3
3
0
2
0
1
0
2
2
3
1
4
2
2
1
1
1
0
4
2
2
4
4
3
2
2
2
0
3
2
0
4
0
0
4
2
2
4
2
1
1
1
3
2
2
2
1
3
1
2
1
4
3
5
2
2
5
4
1
1
1
2
0
3
3
0
2
0
1
0
2
2
3
1
4
2
2
1
1
1
0
4
2
2
4
4
3
2
2
2
0
3
2
0
4
0
0
4
2
2
4
2
1
1
1
3
0
2
2
1
3
1
2
1
4
3
5
2
3
5
4
4
1
573838474
1
442553523
2
1531942926
0
4
5
4
4
1
1
1
0
2
1
0
4
5
4
4
1
0
1
0
2
1
0
4
5
4
4
1
1
1
1
2
0
0
4
5
4
4
1
0
1
1
2
0
0
4
5
4
4
1
1
1
0
2
0
0
4
5
4
4
1
1
1
2
2
0
0
4
5
4
4
1
0
1
2
2
1
0
4
5
4
4
1
0
1
1
2
1
0
4
5
4
4
1
0
1
1
2
2
0
4
5
4
4
1
0
1
0
2
0
0
4
5
4
4
1
1
1
0
2
0
0
4
5
4
4
1
0
1
1
2
0
0
4
5
4
4
1
0
1
0
2
1
0
4
5
4
4
1
1
1
1
2
0
0
4
5
5
4
3
409004080
0
1
1459707398
5
0
1
12160360
5
2
2126732652
5
1
1705907864
4
0
0
0
3
218243494
5
1
0
4
0
0
0
3
0
5
1
0
4
0
0
0
3
1
5
1
1
4
0
0
0
3
0
5
1
0
4
0
0
0
3
0
5
2
530753525
3
1605455826
5
3
238297027
0
4
3
748212909
1
2047158570
1
1622390910
2
636365384
3
1106654650
3
1526562058
5
3
238297027
0
4
3
748212909
1
2
1
1
2
0
3
0
3
1
5
3
238297027
0
4
3
748212909
1
0
1
0
2
0
3
0
3
1
5
3
238297027
0
4
3
748212909
1
0
1
0
2
1
3
0
3
1
5
3
238297027
0
4
3
748212909
1
0
1
1
2
1
3
0
3
1
5
