5
0
4
0
4
0
5
4
0
1
638312349
3
-2046007576
4
5
2
1052133748
4
-5
4
-5
-4
-2
4
4
2
1046056178
3
1090599764
2
1667946109
4
3
1153959488
3
1691072269
5
-4
-3
-5
-5
-5
4
-3
-4
0
5
-5
3
1783592530
-3
1
1334710701
-2
-5
2
-2086246566
2
1736662106
4
5
-1
0
-1
-5
0
2
31378763
-4
5
-1
-3
-3
-2
-1
-5
0
3
1726560382
4
4
2
586385509
5
5
3
1397289480
1
1612461703
0
3
1462363059
4
3
1134508989
4
5
5
0
3
787752075
2
836359675
5
0
3
1532491077
-4
0
1
890916882
4
1
1185499362
4
4
4
5
4
0
-5
0
2
593753690
4
5
5
4
0
1
597360029
1
1827669735
1
573762288
1
1111163721
1
1625044583
0
5
-2
1
-2025986079
2
-1649443537
1
747627776
4
5
-3
4
1
-529453496
0
-2
-2
2
757077786
2
2126463912
3
1307854853
4
2
907757968
0
0
2
421203163
4
4
3
1626688975
5
1
-1194585251
-1
0
-5
-4
0
-5
-2
1
1792474896
2
1062287477
0
-3
1
-955073592
5
3
-901905061
-4
-3
0
-1
4
-4
4
2
-1584772893
0
1
-152502642
4
-2
-5
-1
5
0
-4
2
-701750075
5
0
-2
0
-3
2
1619797848
1
900487502
1
1012775844
0
4
5
2
1820797305
-3
-5
0
0
5
5
4
3
1723610345
3
141721041
1
291431201
2
1640079644
2
519389735
5
-1
0
-1
-3
1
1915330130
-4
-1
-5
4
-4
1
1745407177
3
403545554
2
1521068223
5
0
-2
5
-5
4
2
1000691391
5
1
1536715253
0
1
-94495682
5
0
1
1735755974
-2
3
66575046
1
74814254
5
-2
0
3
-387175058
5
-4
-5
-3
-5
-3
0
5
1
1839736156
-1
0
0
1
1149693356
0
5
-4
-1
-4
-4
3
1757569180
-4
-1
-4
3
2047381941
1
509312731
0
1
2002295753
1
669881330
5
-2
-3
0
-1
-3
-4
-5
0
5
2
-877480263
2
-369990303
1
-600640326
-1
-3
0
2
678599060
5
-5
5
5
2
1999250126
3
609912063
5
-4
3
-2040628771
3
-1365286213
1
1113296444
0
5
3
-2017556347
0
1
-229911721
3
-715256191
-4
-1
0
1
1983408520
1
20630747
3
1047459367
2
1510460609
5
3
1632671120
0
-1
5
0
4
-2
-1
4
4
3
522056853
4
1
1761500837
4
2
2835446
2
1141607581
5
0
-1
2
-55705631
-2
1
-288129409
-5
-3
0
-1
3
-1450073099
3
-199522309
5
-5
-3
-2
0
-5
5
-1
-1
-4
-2
3
-1368336313
2
829981988
3
1953106207
2
549609476
3
1452779057
1
996968158
2
1925280736
0
2
656872208
4
1
295004689
1
628922938
5
0
4
3
-2093943031
2
426633727
0
0
2
-654191423
0
1
-1988553431
0
0
0
2
-1413997710
0
5
-4
3
-733477917
4
3
1163846103
-3
-3
1
-430589507
0
-4
-3
0
4
3
1772540153
0
-3
-5
5
4
-2
0
0
-5
2
1514430032
-1
-4
0
0
-1
-1
-4
4
0
-5
1
1263132941
4
-4
3
860941927
0
1
962133872
1
857282311
1
2056761546
1
1603638061
2
722383599
4
0
0
0
4
2
971258599
5
-4
4
4
-5
3
2024006245
5
-1
3
156282815
-4
-5
-5
1
1424567127
0
3
150099198
3
392747619
4
5
0
0
-4
5
0
-1
1
261154329
5
5
3
369350014
4
2
1355395657
4
5
-4
-1
-1
-3
-2
1
755362443
1
1769469649
0
4
0
4
5
-5
-5
5
-4
0
4
3
236434721
3
1871250424
1
2098757454
2
684699956
1
1672379562
3
724174851
5
5
-5
0
3
55894384
5
3
-1232560581
4
3
140328348
1
1140011311
4
2
844339188
3
1319661994
4
5
2
1286572222
1
-562819379
0
-4
-2
3
-1012036269
-3
5
0
4
2
62081227
0
0
-4
4
3
819641445
0
0
3
1261422168
5
-1
3
-1532671011
0
0
0
0
5
0
-5
5
4
-4
2
585960083
1
309956242
1
960978058
4
4
0
5
1
2107743710
0
0
4
-3
-1
0
0
5
3
-242694948
-3
4
3
747025410
-4
1
-1626869556
0
4
3
1041106931
2
2019020621
4
5
-5
0
3
-638418503
4
0
0
-4
2
-1217854767
5
0
-3
1
-965773714
0
-5
-3
-3
-2
4
2
2112511270
4
1
1012076863
0
1
256876300
3
651032254
3
389979441
5
3
-1040423067
-2
2
-590273332
2
1161164135
2
415175594
0
4
3
1019691026
4
4
-1
-2
0
0
4
-5
-1
-4
4
5
-5
2
1119942098
-5
-2
-5
0
0
4
2
2091645644
1
-1544885064
-5
-2
-3
-2
-4
0
-5
0
4
-1
0
-2
4
3
1152924411
0
1
1560203282
1
746155213
3
872018467
5
3
-381843152
0
-4
-3
-4
2
1422306395
0
5
-4
1
2103607505
-4
0
-3
-5
3
1903627052
-3
1
679100946
1
27960868
1
235778110
3
1908875036
4
1
1993789036
0
2
1341932433
3
760823952
5
4
4
1
1230341698
-2
1
-2036642947
-1
3
896149605
-3
4
-3
-3
5
2
-1682438994
-2
1
-1923173543
-2
-5
-5
0
4
1
1464003080
-3
3
84715097
4
4
3
698863107
0
5
0
5
1
1489845071
0
0
5
-3
4
-1
-1
-4
0
0
3
1885492364
0
0
3
1529060917
0
5
2
769149717
1
1630743186
-5
5
2
-1505438644
3
-674177384
-1
-1
1
595577700
1
728108711
2
912994810
1
1103394789
2
1672379910
0
1
1399423078
4
0
3
1912132262
3
1663575236
0
4
0
0
4
5
-4
1
-1739266547
-2
0
0
-5
3
-1907730312
4
-3
-2
0
-2
0
2
-245023337
0
0
0
1
478188602
4
0
0
-5
-2
-4
-2
-1
-4
4
1
643047211
0
2
479201233
4
4
3
603328819
1
1985662579
2
1173932276
5
0
2
773419375
-1
0
-2
3
-992131997
-4
0
5
5
3
734215981
3
78248702
3
2123854947
2
993726687
0
1
1709940434
3
242696306
1
1274572810
1
1958008760
3
984037188
2
1923021710
4
1
1630451945
2
1291987980
0
0
3
1104826257
1
708774742
4
5
0
3
-52905161
4
0
-2
3
-342233978
3
-793075080
2
-672430386
-1
4
-5
-3
0
-4
-2
-1
5
-1
-2
-2
5
0
-3
1
1228743114
0
3
1046703678
2
488374275
3
1982242068
1
1428590196
3
2137756293
2
652484421
1
1165128063
4
3
1686614808
0
2
339131560
5
0
-2
-5
-1
2
-1879920948
-2
2
410097652
3
525693747
-3
3
-705351132
0
1
-1121929331
-5
-4
-2
0
3
1879915657
-5
-4
0
2
485230792
1
525379504
1
2047211264
5
3
-234369447
0
2
-2096315391
1
-627941050
1
927717176
-5
0
0
-4
-4
-2
1
-1663875437
3
-2044562834
-2
-3
4
3
-315164129
0
3
2057111738
-4
-1
4
-3
-4
-5
1
178943238
4
3
1899083928
1
2084272468
4
2
1857964771
1
1513230064
5
-2
0
5
1
1855563507
-4
0
4
4
5
5
1
1975418691
0
3
956624256
5
2
380460954
4
-2
0
3
1993867016
0
0
0
4
1
1704558402
1
1171498238
2
436924069
1
1634858711
0
4
4
4
1
1001049664
3
882625237
5
-2
-3
4
4
-5
-1
0
0
-4
0
-4
-3
0
0
-5
-2
-4
-4
0
0
-2
3
-1209171280
1
454293463
5
4
4
0
-3
0
-3
0
-5
5
2
398908762
1
1610401448
-4
-5
4
-3
4
3
1547882354
4
3
1883692785
0
0
4
5
-2
4
3
-1730641211
-4
2
873885529
-3
-4
0
-1
0
-5
4
4
5
-1
-5
0
-3
5
0
2
-1769381299
-1
5
0
-1
2
-1335538044
0
0
1
2076323069
4
0
1
845484940
3
1163051755
3
1913385530
1
2142386206
0
3
427526809
3
9949083
1
886333417
5
2
-572675329
0
0
4
4
0
-3
-5
2
-2058840433
1
1455362487
-1
5
-2
-1
1
1059142654
-4
-4
0
-3
-4
-1
2
1080407743
-5
5
4
4
1
-932724082
-4
2
1292266938
0
-2
0
2
1700656993
4
4
5
5
-2
1
1915123859
2
685328984
3
1149715632
0
4
2
242521205
0
3
1645608087
2
1575574198
4
3
1944451751
1
1226276817
2
233485431
1
1140037454
2
351581528
4
5
3
-1625416839
-4
0
1
-561532025
-3
0
1
296058060
4
2
214490046
-1
4
-3
5
2
398849367
5
-3
2
1150321561
1
1054895859
1
571621187
5
-1
0
0
2
-495630612
0
3
-723525026
1
943384168
4
0
0
1
278463663
1
287705683
0
3
828472517
4
2
1277725300
1
2141660119
3
1140870061
4
5
0
-5
-5
4
-1
-4
-5
-3
3
-551452767
2
-1498615088
-4
-2
3
1749926073
0
0
3
-385540299
-2
-3
2
-983809263
-2
-2
-2
-2
0
4
4
5
5
-2
2
166914655
1
296831569
1
1995964825
5
2
557743967
-1
-5
-3
-1
0
-2
5
1
1646884691
-3
-2
-3
1
-1658556842
-1
-4
4
4
0
2
181525736
3
1086705847
0
2
1107793739
3
1206593879
0
4
2
1338251467
5
1
-2137977160
3
1593520124
-3
-3
1
-1441362496
-2
1
-1244139789
0
2
-292800543
0
4
1
-185628541
2
1033072467
5
-2
-3
4
-5
-5
-4
0
1
-720086720
2
-584611963
-5
-5
-4
-5
0
2
1376716327
-2
5
-3
1
-1140748402
-1
-2
-5
1
-2118572310
3
-1003115757
4
-4
-5
-1
3
1654925518
0
4
1
-934289137
5
-1
2
-1483368359
3
-1480227804
3
758845643
-1
-2
-4
-4
3
-2047663818
3
-1653932710
2
-867379239
-1
-3
3
142999103
2
887668447
5
2
-821249109
-3
-1
0
4
5
-5
5
1
-488792388
4
4
1
1224475682
0
5
4
-5
4
1
107742782
-5
-4
-1
1
824220751
4
0
2
514055415
1
1927615575
2
1206987505
3
1123390981
5
0
0
-3
5
-3
4
2
97409793
4
0
4
4
3
1284682330
5
-1
-3
-4
0
-5
1
400485531
2
-677666770
-3
3
478911519
4
4
5
4
-2
-2
2
-1838011719
-1
0
-2
-2
-4
2
-2006995672
5
-3
5
-3
2
339608556
5
1
-1121282151
-2
-1
1
166129576
5
-1
0
3
1294758054
-1
-1
4
1
1447993814
4
1
1791504365
4
2
1748130383
1
2110119157
2
292814065
2
430270853
4
3
2112373366
5
-5
1
134558774
-5
-5
-3
2
-1206267066
4
2
-88390660
-3
5
-3
1
-1618272063
2
284323681
0
-2
-5
0
2
-262189758
3
-2134712162
3
1578711860
3
656841433
2
1065061765
3
1119796865
4
5
0
0
-4
-3
2
451513479
-2
0
0
0
0
2
-1452236921
-2
2
821004330
1
-1532699173
1
-387594297
-2
5
3
-768702804
-3
5
-2
1
-851552713
0
2
1904187120
1
1751740865
0
3
2029167951
4
3
12082334
1
610700931
5
0
-1
0
-4
5
0
-2
-3
4
-5
1
287940930
3
455921303
0
2
773809438
5
-3
-5
5
-5
0
-2
4
5
5
-4
2
534339966
4
4
3
1193445468
2
2122406599
4
0
1
322529948
1
1036391083
4
0
4
3
778044851
1
1543040268
3
1013964626
2
1561696101
3
13907259
5
0
5
0
3
2018936907
1
676304676
4
4
2
1675193934
1
749498844
1
845526115
3
1616663819
5
-1
3
183186708
0
-4
-4
4
4
-2
-2
-1
-1
3
-837673450
-4
4
0
2
64202069
3
342151982
5
3
117091267
-4
0
-5
1
-1930654365
-5
-1
-4
4
4
4
-3
4
3
1142465589
-3
3
1259515974
0
-3
0
1
1473316531
4
3
331859399
1
118889043
2
1755306226
5
2
633013559
0
-5
-5
-1
-5
-4
5
-5
3
-171430085
-4
5
-4
0
1
-1038496152
-3
2
1805006146
2
1744977018
0
2
612204193
1
3539881
2
611642787
0
1
561425319
2
1734398584
5
5
4
5
4
-5
0
4
5
0
-3
-4
-2
-1
5
-1
-2
-3
4
2
1166526482
3
1801712424
4
1
1135576569
4
4
2
1353965950
3
136096893
3
1032611687
5
5
3
1817729518
3
396902469
3
1948615964
5
1
-403682231
-1
1
-412218301
-3
0
1
671753229
4
4
5
0
0
-1
-3
-1
-5
5
-4
0
-3
-1
-1
-5
-5
3
166437766
5
-1
-2
-1
5
0
-2
-5
0
1
1284970055
4
2
1829459859
0
5
4
-4
1
-1437661487
0
-5
-1
3
1166187161
-3
-5
0
4
3
809340497
4
3
1893793250
3
806689719
4
4
4
3
320157808
5
4
-1
3
-748070771
2
2092484301
3
710083802
3
-1549056229
1
-1910467504
3
2135711097
-3
3
-1076051581
4
0
-4
3
-2105177438
0
-5
-2
-3
3
1942217836
4
5
0
-1
-1
3
684635595
-2
4
-2
-2
-1
0
-3
-5
4
-5
-3
-3
1
-2082504485
0
-5
-4
3
-1823704207
5
2
165069577
0
-3
4
-1
1
283056220
-4
-4
4
2
356823854
-4
-2
0
2
-1788846763
-3
-2
0
-2
-3
4
-1
5
-5
-4
0
-2
4
-5
0
0
4
-1
4
-5
2
-157004419
-1
2
1975983385
-2
4
-4
3
491431878
-1
4
-3
2
352586736
5
-1
4
-3
-3
5
5
2
452889982
0
0
4
1
914519480
4
1
352089735
0
4
3
2092762715
5
-5
2
867775702
-4
-3
0
3
1682628757
5
-2
0
0
-5
4
0
-3
3
-1277898354
2
1010813855
0
4
2
1624091373
3
1865045748
3
1109842239
5
-4
-2
4
-3
-3
3
-1772503749
-1
-4
-3
-1
-4
1
2075958220
4
0
3
2037703173
1
508544831
0
3
966235563
4
4
1
274828743
3
386952603
3
129863236
0
2
495774866
0
5
-3
-2
-1
2
1222706830
4
3
-1945523998
-4
1
-1801524529
1
-1981994637
5
0
-3
0
-1
0
-2
3
-1785088548
3
1471779045
4
-2
-5
-5
1
1156327433
2
791826242
5
3
323344058
-5
-1
2
855223493
1
1319103348
0
1
931129897
-4
-5
-3
1
-1110307092
4
-5
-4
3
1746720152
5
1
202267424
2
2055701736
-2
-4
-1
4
-1
-1
-2
3
-716285664
1
-1453353495
2
-2021729648
1
-999505632
0
-5
-1
5
5
0
5
4
4
0
5
3
749007001
0
-3
5
1
-192690230
3
759840727
5
4
1
-478511449
-5
0
4
0
4
2
1072640440
5
2
-1454772771
5
1
636510807
-1
2
1433069475
4
1
908965288
5
0
3
1865340017
-4
0
-2
5
0
-3
2
-1187153990
1
-362059127
-2
1
1213835946
4
1
546493427
3
774660667
0
0
2
1125886717
5
5
3
671420223
3
1034272437
1
930343394
1
237425177
0
3
1550461271
5
-1
3
517999377
0
0
1
-27710742
-4
-3
-4
-5
-4
1
1158727065
5
0
0
5
0
-4
-1
4
2
2120391621
3
1913889802
5
1
-1504589811
-3
-2
-2
5
4
5
4
-1
0
4
5
-2
-1
-4
0
5
4
0
-1
3
-754378157
4
0
5
-5
4
3
-1620706598
-5
-1
2
-1796034835
3
401280686
0
5
-2
5
5
-3
2
1606327792
1
936756592
2
310655835
1
724263136
0
2
154888686
3
312200325
2
903137810
1
1259880443
3
483616253
3
1984524834
2
15446329
5
1
439160701
-5
5
1
-368373775
-3
3
1420014232
1
80162812
4
4
4
5
-3
1
-930548596
0
0
-4
1
1115610643
5
-5
5
-1
-4
5
-4
4
0
5
0
5
0
0
2
1162092350
2
458890777
3
870989202
1
73167011
1
694089822
3
1201062351
5
2
-903869051
-3
-4
5
0
-5
-2
0
5
-5
-5
4
0
-1
0
0
1
765897241
3
553706071
4
3
67804327
1
1129101417
3
1163798387
3
1540749555
2
115775132
0
5
-1
0
2
-810255871
0
-5
0
5
2
-1611781322
5
0
5
0
2
1705038212
0
2
885787230
3
1270886222
2
1221342305
3
1568019999
2
1516166795
4
1
2085846180
5
-5
4
4
0
4
-2
5
1
1559822879
-5
2
-491690912
0
-4
1
894202683
2
1072740011
4
3
1385010126
5
3
1974712985
-1
-3
3
1085608573
-4
4
-5
0
-3
2
-202314682
3
-1760693430
5
0
0
5
0
5
-3
-2
1
2128973828
1
1808448490
2
1782087647
3
1348663814
3
1675277101
2
1752023768
0
0
5
-5
0
2
1622268914
4
0
3
1294464671
0
-5
5
-1
-5
4
-3
0
4
3
-566173405
-2
4
2
1280744342
3
1491639606
1
1669829579
1
409907835
3
1117780723
5
1
2093691402
0
0
3
-1427511266
0
0
-3
2
-302300910
-3
1
302770141
2
2001304325
3
2113760874
0
-2
0
4
2
1177563939
5
0
0
4
3
-541602773
3
1250974350
-4
-4
5
-3
1
-1189099777
-3
0
4
5
3
-620114656
1
816851196
0
0
-4
1
1338268631
1
649322831
2
1460696421
1
1583180805
5
-4
1
2098722124
0
-1
4
-5
-1
-1
-3
5
0
1
893002607
4
1
746501156
-1
5
2
-372377909
4
2
1284974614
4
-4
0
2
1322482716
0
4
3
1582181401
3
978718675
1
2052922485
1
318708366
4
4
5
5
-2
0
3
1507913794
1
767533550
5
4
-2
-3
0
4
-3
5
0
-4
-4
4
-2
2
-504584067
4
3
561944977
4
0
5
-5
-2
-1
-5
3
-146071092
5
-2
4
0
0
-1
-2
-2
5
5
-4
1
405225436
5
-2
-5
0
-4
2
389479409
5
0
-5
-4
0
0
-3
0
0
1
1824748362
0
1
937000254
1
2103239047
3
292238030
5
0
-1
3
-881632127
4
1
1953501353
-4
-1
1
-774967173
-5
5
-5
-5
-2
1
714246138
0
-1
3
1887460990
4
3
1297486004
5
-2
-2
2
-1802108063
4
5
4
-1
-2
2
-1422150080
-1
3
1147953297
3
1323676973
2
487310382
5
-5
-4
0
-2
-5
0
1
1873165403
0
1
2134124422
-3
0
1
1311485060
1
1901668988
0
1
1951075549
1
367391565
3
1700096158
5
-2
2
-302727429
4
0
1
1427116958
5
2
-2061061164
-2
1
-1480369376
4
-5
-4
3
223676396
5
-3
-3
1
1594216682
0
3
555596138
-5
2
-784285830
1
1262072642
1
2136475130
0
2
2071524385
4
4
4
2
1579057759
2
802966999
1
1975760803
2
930441835
1
265223055
0
5
4
-1
3
-226079932
-3
5
4
0
0
-4
-5
-1
3
596171597
1
1984877190
1
584186136
3
218056158
2
1554705855
4
2
572731415
4
4
3
1064236704
4
2
1713342976
0
4
3
612430459
0
1
1775681401
3
1311501749
2
318412664
2
1796897269
1
1702004700
3
602870569
1
2079693897
4
5
1
-1812461292
2
-1147133868
-3
-2
5
-5
-3
0
1
-332213246
4
-4
1
562974238
4
4
4
3
998554369
0
2
1012480541
5
3
-1631825555
-5
0
-5
4
4
2
-1024303858
5
0
-1
-1
2
-174239785
0
4
-1
4
4
0
4
0
4
5
-3
-3
-2
1
533118006
0
0
3
-982624025
-5
5
-4
-2
5
1
1046074925
1
800588862
0
0
5
-3
1
-225167093
-5
5
0
4
-5
-3
5
3
-1628566783
-4
-3
5
-1
-5
0
0
-5
3
1984127913
1
912177042
3
1366855246
4
0
1
408445498
0
1
797041226
3
1015360902
0
1
1360505940
5
-2
-2
1
1309193074
3
2083514723
2
-1460280175
-3
-4
-3
0
0
0
-5
1
-865663332
0
0
-3
5
-1
-4
1
1731542907
-1
4
5
3
-2141407255
-2
3
616446510
-5
5
3
1850764990
0
3
-498283353
-3
3
1949452704
2
1407506198
3
345644664
2
2126263067
0
5
0
-3
0
0
2
644583869
1
-1573174428
-3
-4
3
-1846418092
0
4
0
-5
3
1777683566
3
1132973597
2
1000394603
3
1597021873
5
-4
-4
4
2
250989100
5
-1
3
-1575702735
1
1789563749
0
2
433548800
1
1218688926
5
3
-1364942396
5
-4
1
-2071063060
2
1357072932
0
4
4
2
1767282555
5
-4
0
0
5
-3
-2
-1
-2
5
-4
-2
-4
1
417979576
1
1525220968
4
4
5
0
1
1049919501
4
0
4
-3
4
-4
1
1586693044
3
1025349962
1
1794439676
4
5
0
-4
1
465320808
1
1275218874
0
3
343185126
1
824285175
3
-1520287219
5
0
2
-2077105077
-4
-5
0
1
1729120446
-5
-4
-4
5
-5
-5
0
4
5
-5
-2
-2
-3
-5
0
0
0
2
1489443550
0
5
3
1617397183
0
2
-239618845
-3
-1
0
0
5
-5
-5
4
4
-2
3
-1065787627
-5
3
-1022099022
4
2
1530595921
0
2
221403990
4
1
73351872
4
0
4
4
4
4
2
548322960
4
5
-3
0
0
1
-682258168
0
4
-2
-1
0
-5
-3
-4
-1
4
-2
-3
3
1820003367
-4
1
2031408191
-5
4
-3
-5
-1
-1
-3
0
5
4
0
2
51005580
4
3
-1839345216
-2
5
4
0
2
850661275
-2
0
-1
5
4
1
1759492220
1
-577223302
0
1
-69504576
2
299007249
2
955084932
3
2062487076
3
1404461405
0
1
2004351338
1
1830855287
3
1808917364
5
-5
-1
0
4
-1
0
-2
5
4
3
998990572
0
-4
-3
1
1313155757
0
5
-5
0
0
1
-1347127733
-5
0
3
175611418
-3
0
4
0
1
1543400508
0
4
4
0
2
114621572
4
4
0
5
0
3
-1712189676
-1
2
-1968018844
4
0
0
3
-2094814022
2
247700651
-4
-1
-1
2
-63095261
4
-5
-4
2
1690960384
5
-2
-3
-2
4
2
-344546278
1
-1526903942
-4
-4
-2
1
780629188
-1
-5
-5
3
-1737998773
-4
0
0
5
4
5
-2
-5
2
1262922172
0
5
0
-4
-1
0
0
-2
3
489249256
2
371962505
0
0
5
2
351223541
-3
-1
1
1854939645
-1
2
-898567055
-5
0
-4
2
18336972
2
1940431013
1
1757925497
1
1824330789
3
1137817117
1
1772241609
0
5
-1
4
0
-5
-5
0
3
-1824676772
0
-3
1
810892110
-2
3
-1093008204
4
0
-1
0
0
-1
4
-2
-5
2
-1504730803
2
882672489
5
-2
-3
1
-623013300
4
-4
4
5
0
4
-5
2
-2052758449
-1
-5
-5
2
249899681
4
3
1954713766
1
421779797
0
4
3
1283692304
1
1782272722
4
5
-3
-5
-3
1
743434098
0
0
-1
-2
1
1468274204
1
2140631414
0
-3
-5
-2
3
-1410674936
-1
4
-3
-2
5
-1
3
1408855721
4
-1
-2
-1
0
-5
-5
1
-1253801740
0
-3
3
1721569253
-4
-1
-5
1
1018865706
2
793935136
1
508076661
1
799782502
0
1
441450583
1
1027223347
3
1516630651
0
1
1586411781
2
396019131
0
3
1683535459
3
1288060740
0
4
5
-2
3
-1047832318
-3
-4
1
-579949532
0
-5
1
79908735
2
-178810157
5
4
-3
-5
-4
-4
2
-800981336
4
-4
1
-1177112043
-2
2
-698230110
0
3
2038323759
5
4
-5
0
-3
2
233074533
3
189444029
0
-3
4
-2
1
1433385660
-2
4
-2
2
671160810
5
0
-3
-3
5
5
5
3
432118325
2
1734919332
0
3
511673629
4
5
0
5
0
0
2
1175681151
3
270139832
0
2
1495323126
2
729361354
1
2123358527
2
170279097
2
830882480
0
1
1229718315
0
0
4
1
348057884
2
564296189
5
2
1960607198
-2
0
3
717593750
-3
5
-1
0
-3
1
-1782563161
-3
2
-1450778336
4
3
915141598
1
55895963
4
5
-2
-1
4
-3
-4
0
5
4
-5
3
1587296968
-5
1
1642681366
0
4
3
1979429142
2
1719763351
2
782052067
0
0
5
-4
5
4
-2
5
2
137143613
3
1323605580
0
0
3
1009165497
5
0
5
0
1
470680861
4
1
98146956
0
0
0
3
990493627
0
3
492526994
5
0
1
1698087575
-2
-2
0
1
1769145971
1
-957080386
0
-2
-5
1
771963760
3
2144781397
2
1686788097
3
1877026783
4
1
1032715725
1
1298493225
3
1447563723
0
3
894959574
2
1076429232
1
575869987
4
4
2
51191446
2
724865486
2
590453981
4
5
4
2
349321034
5
-2
0
1
-376739239
4
4
3
990869408
0
0
0
0
4
0
4
4
4
2
997987916
4
1
2012693048
1
162149133
3
1800475045
1
1195189649
5
-3
-2
3
229872722
3
-1678842790
-1
-4
4
-2
3
311222102
-2
4
4
4
2
1157175386
-4
4
0
-2
4
-3
-1
-3
5
1
1131976458
3
-203184459
1
280972333
-2
-3
0
0
5
2
1996973443
-5
0
-3
3
-691102864
1
-119442013
-5
-1
0
3
1194719792
3
1286125923
4
4
5
3
880223230
5
-1
1
-865227608
5
3
-110768953
-3
5
-3
1
-626679959
-4
4
0
5
-2
5
-1
-2
0
2
2047775417
2
1985192497
5
1
-597904755
0
0
-3
-3
-1
-2
3
1079415549
0
4
2
1370909948
2
772862286
2
1701268859
4
1
1430146580
2
979314132
4
3
1649605468
0
4
5
-5
0
-4
3
352590925
1
-545654287
-5
3
201107184
-3
-1
-5
2
-275053817
-5
-3
-5
-2
0
0
-4
-4
3
2100781644
-5
4
0
0
1
665180334
2
466133108
2
1148706242
3
960115323
2
533502687
2
1258516893
4
4
5
-4
-5
3
-48203559
0
-5
0
1
-2041372342
-3
-5
3
899402357
-3
-2
3
-430830607
-1
-3
1
1574642110
0
-2
-2
3
-1833494037
4
-5
5
-1
5
-5
-5
2
343001163
4
5
-3
-5
5
2
1199253494
-2
3
1914100555
2
255114312
5
-4
4
3
-2119347013
-5
4
0
1
95297370
2
696032079
5
-2
-4
-4
0
5
5
-1
1
437329822
5
0
-5
-4
-2
0
3
1121274297
3
1791992363
5
1
-1256576529
0
5
4
-1
-4
-4
3
673887191
0
5
-4
0
5
5
1
341215431
1
892576200
3
396743597
0
2
1781561748
4
3
778423150
5
5
4
5
-5
0
3
184298001
4
5
4
5
-4
3
1599487942
4
1
628071405
1
1900230746
4
3
1298320844
5
0
1
971715730
-5
-1
-2
0
0
-3
5
1
1418399804
2
1112170087
-5
4
5
-2
3
-1618195312
-1
1
-1056277235
3
892447406
5
5
1
2126119141
4
4
4
5
-3
2
-606476231
3
615910661
-2
3
1932546494
2
493325241
5
4
4
0
-2
3
-1026468243
0
3
-741530473
-3
0
1
262574937
4
3
998435811
2
1072567683
2
2036452831
5
-3
4
-4
3
109098280
2
556008592
3
-58935544
3
1016090961
-5
-4
-1
5
4
-2
1
2055343421
0
-1
4
2
-1089824030
-2
-3
-3
-1
4
-4
5
-4
1
1766480197
4
4
0
-2
-2
5
1
-667344454
-5
-3
5
-5
-5
0
0
3
143455318
3
1562538697
1
1302185614
2
938348685
4
0
5
2
2063953151
0
0
-1
0
-1
2
1974546164
0
4
4
3
-542886580
0
5
-4
-4
-4
0
-2
5
0
3
-17256908
-4
1
1880283351
4
5
-2
5
2
-1201169289
3
1687860600
4
0
2
394860233
1
1681194426
3
159999329
3
765609432
3
624842002
5
0
1
-1474871105
4
4
0
2
-1484614469
-1
0
0
4
-2
3
713437242
-4
0
4
3
1651213985
2
2084162582
3
1988499660
0
3
1418425102
4
1
800348323
1
924987969
3
1317465500
4
0
5
0
1
847649487
4
1
356806072
-4
4
3
551359871
0
4
0
-3
2
552623586
0
3
171373531
5
0
3
-2139593880
-3
-5
-1
1
-1624261644
3
-1856295608
-5
-4
-1
1
-834689690
2
-1261571781
1
774561037
-5
2
875481955
2
1388009583
4
3
1117596621
3
1877305564
0
4
3
921808502
5
0
5
5
0
3
436644846
0
5
-3
4
0
5
-4
0
2
-886711345
5
0
4
2
-217698763
3
2097668986
1
15557504
0
1
1326918912
4
2
1888720290
1
2026037949
2
1207985109
2
20087875
2
305510408
2
1928158872
4
5
4
-3
-1
0
-5
3
-479634251
3
355542141
0
2
-332662666
1
599127460
2
-482621948
1
-1387173771
4
3
-1734979016
3
-1021073480
-4
-4
-1
1
1136485701
4
4
0
3
492176837
4
2
406812572
0
5
0
5
5
-1
5
3
1561403101
5
-1
-2
-2
0
0
4
1
1457055180
1
169024553
2
1314176545
1
1559692572
5
-4
0
0
2
1658254905
-1
3
-1258041396
1
1134171771
2
2006916518
-5
-2
4
3
858061248
4
0
0
1
1103452980
3
74261274
3
855818984
5
-4
5
-4
-1
2
1084675168
0
5
-2
0
-2
-2
1
-1869904433
2
1628230100
3
475013249
2
1968678966
0
0
2
2033053784
1
2027481647
2
484454794
2
83877755
1
853439270
1
24103838
0
5
0
-1
2
-835983229
-4
0
5
2
1141733396
5
0
0
-3
5
4
-5
-3
4
4
0
4
4
1
478738931
2
392575375
5
-1
0
5
-5
0
0
1
119203356
3
367609549
2
1591053779
4
3
2033630749
4
1
1691010213
2
40420200
3
1562251290
0
1
434502298
4
2
963227140
4
2
965969767
3
1348572977
2
820152783
3
582153599
4
3
963543105
5
0
5
0
-4
3
1771214523
1
1756511070
0
2
967728355
2
567738403
1
1048787623
4
4
5
1
-311433726
-1
-5
0
0
5
-3
0
-4
-5
3
-774628797
0
3
921702965
0
4
2
817732362
3
1264401872
0
5
4
0
1
-530403893
-3
-4
5
-5
-5
5
4
-4
5
4
4
-5
4
0
4
5
2
-41158033
2
-1750296562
5
5
0
5
4
-5
4
1
1186075888
1
73409462
1
268564657
2
622357960
4
0
3
492239984
5
-2
5
0
1
619870794
4
4
1
831560124
2
673614870
0
4
2
39585973
2
2087268943
4
5
-3
4
2
2127626803
1
664214412
-2
1
-535400166
2
-966780648
2
-1317900611
2
170624867
-4
0
3
936427590
5
4
-3
-3
3
1496374154
-4
3
926266492
0
2
142394867
4
-2
-4
1
-2050026855
-3
-2
2
1788339469
5
1
-336549816
4
-1
0
5
-5
-2
3
176399654
2
-1445534929
0
3
2097927198
0
0
1
229183991
2
1366536805
0
0
3
1191982456
4
3
439650048
0
5
4
-3
1
1290702845
-1
4
1
-105249018
-1
-1
0
0
-3
-1
5
-2
-3
-1
0
-2
3
-865956492
1
-1660741985
-3
2
-1741834040
2
1920388083
2
549107904
5
5
0
0
4
0
5
-1
0
4
0
-5
2
629924888
0
3
710314091
3
1284346789
0
1
1531919287
2
134827246
5
3
-1171448648
5
2
-1858839167
0
3
1240344722
2
194040509
3
516956209
0
1
1861023121
2
450366174
4
0
0
0
2
1274564410
2
2042555107
2
382208708
2
1170673349
1
1211048838
4
0
0
3
2023040279
0
0
0
2
731066982
1
1364650551
0
2
1078190025
2
1205729391
1
23109060
1
1511888225
2
1403217072
1
1318597777
0
1
481694305
3
435082544
1
2080898209
2
292221372
2
1211436546
0
3
179854252
2
1424277675
5
-5
-1
-2
-1
0
0
5
3
1564437175
0
2
1070317426
5
0
3
993667635
0
3
909190875
1
533011505
3
1761324521
3
1588061736
3
2044046227
1
220275951
5
-4
-5
-4
2
-2064759856
0
0
2
-1751791525
-4
5
4
-1
-5
-2
0
-3
3
-1214656709
-4
-4
5
0
-5
-3
4
4
0
-1
-5
5
3
306852771
3
1518074541
1
-1540046499
-5
-2
3
1017295743
5
3
-1033740469
-1
2
761607304
2
1008505500
0
0
0
-4
3
1295666455
1
1630989207
4
5
-1
0
-2
2
357111558
-1
-5
5
4
0
-1
1
-1657414352
-3
5
2
-295848395
-1
5
5
0
4
5
4
-4
2
771875179
3
1667016242
4
3
2111285809
5
0
3
-1202587723
1
-2100888579
-3
4
5
1
1772385891
-5
3
863797675
-5
-2
4
3
565637336
0
0
2
1713908761
5
3
978790417
4
0
-2
5
0
1
-979095929
1
-2104003442
-2
1
1974256944
4
4
5
-3
-2
-2
-4
0
5
-5
-5
-1
-4
-3
2
1949725451
2
685500884
1
1741824334
2
2108836923
0
0
1
1168279777
3
1389497187
4
3
1152824256
5
0
2
811476599
3
-947247777
0
5
-4
-2
-4
-1
-1
-1
-2
2
838987564
0
2
1343774145
1
2117821091
3
1186218075
1
2026015106
3
844332360
5
-5
4
-1
2
-46277786
-1
0
1
-1726415352
4
-2
0
-4
3
1886836230
4
5
-4
-2
3
1309295240
-2
0
0
4
1
-1102276925
-4
4
3
-1275731327
-1
-1
1
1780778265
1
1390832298
3
1123214463
5
3
378836880
-3
2
-679976605
2
-1613799182
-2
4
5
1
-1275823803
4
-2
-1
-4
-3
-2
4
4
0
1
1616559758
1
780160932
2
1082620098
5
4
1
369294285
0
-2
-3
0
0
-2
2
1038380213
-3
0
-4
-2
-3
3
-1731274317
5
2
534542885
-5
-4
3
1417573050
3
-259755071
4
-5
-2
-3
-1
0
-1
1
-498489172
0
-3
3
783222946
2
1139125322
2
1311405776
3
129270654
2
686481370
4
1
1179701952
3
2119783074
0
3
2146126924
0
2
1631432305
4
1
853190581
0
0
1
820654008
1
889168354
0
4
2
1522544725
5
3
-67552747
-5
5
3
-1903041349
4
0
1
723076024
5
2
555223199
-4
4
-2
1
-386985409
0
2
352511184
0
5
-1
0
3
-1735752934
-5
-2
1
-2071681805
-1
4
4
4
0
3
1543708610
5
-3
2
-370090617
1
-1847586691
2
80421140
0
2
2081203201
0
1
1630146939
-2
-3
3
1071239712
3
333332669
3
1773205059
2
1352773675
2
3363138
1
730370798
1
599266084
0
5
4
-4
0
-5
-2
-4
4
5
5
2
1981219101
4
3
1273395820
2
550936488
1
211505841
2
1105847581
0
2
1863533704
4
1
1166605188
1
446874599
4
4
0
2
1874280700
0
2
1125663455
5
-3
-1
-5
5
0
2
1376756245
-2
0
1
1850959335
1
687631438
4
0
2
68988889
2
1491111516
5
0
0
1
818800708
-4
-5
0
4
2
-174410637
3
-2126166680
0
5
-4
4
1
-1383877690
-2
2
-326715184
-2
3
-1291189823
1
-1420170152
0
-3
3
1157667262
3
1164206666
2
1879295978
5
3
-2080742105
0
1
790489367
5
5
1
540362546
0
4
0
2
674746857
5
1
345217306
1
-2128767497
3
-152994462
-5
-2
0
2
1217216073
0
3
550914383
5
-5
0
-2
-1
-5
2
167931567
-2
1
-1980531655
-5
5
0
5
-3
5
1
1144034171
2
898327964
2
261860688
2
1373796358
4
5
-3
-5
-4
5
0
-5
2
-2009825721
2
568765502
3
1648698241
0
5
-2
5
3
-386772933
5
4
0
1
1594361561
4
2
531481800
5
-5
4
0
-2
2
1025594277
-1
-2
0
4
3
1111636778
4
0
1
1912018250
0
1
1106043358
0
2
1510254614
4
2
639004186
1
180368506
1
1390714503
3
1811451731
0
1
202719950
3
1885449546
0
4
5
3
-695798888
2
-919498362
1
-1861550648
-5
4
0
0
-2
-5
0
1
101796342
-5
2
13809193
-4
-1
2
-1619259782
4
5
4
-5
3
1229564138
1
-632310064
-1
-5
1
-1480453986
-4
-1
0
-3
-2
-2
-1
4
1
-1501437244
0
-1
2
-1934409425
0
5
-1
-4
3
-2062529194
4
0
4
-4
5
-5
-4
0
-4
-2
0
0
-4
0
1
878636478
0
3
2005119031
4
3
2028886371
2
1914206060
2
1772976024
4
1
76011182
1
507174144
5
-3
-1
0
-2
2
1604332844
2
561611174
3
-216868216
-1
-3
1
-1035500618
3
-1768539752
-5
4
-2
5
5
-5
1
1990594472
5
-5
-2
1
-114285454
5
3
891200436
0
-1
-3
0
3
1291651921
4
5
-2
4
0
-3
2
-1247296617
5
0
-4
-1
-1
1
1613763020
2
402520901
4
3
1360837952
1
975504329
0
0
4
1
1281440272
3
308117104
0
4
0
5
-3
3
2096187531
3
341652154
3
-661451285
2
1635228505
0
-1
-4
1
1878233895
-4
-2
1
-197533861
5
-4
0
2
23453415
-1
4
3
878886554
-2
4
2
-1876674249
1
1152013124
3
2065265774
4
4
2
1156083616
0
1
1883464926
0
5
-4
-5
2
-1508229675
0
-2
-1
2
4549126
-3
4
4
0
3
-1289238092
-4
0
2
-2026909628
-2
1
1335293037
-1
5
-1
3
645343975
-2
0
-2
3
1135517055
1
601574034
0
-5
1
614189379
-4
4
-5
-1
-2
-4
4
-5
-4
-3
3
920449348
5
0
-1
0
1
527880849
5
-4
0
-5
4
2
-1941420109
0
0
4
0
2
1350362783
4
4
2
1942773014
3
1784517312
2
993052820
1
482074239
2
1585470584
3
1075095647
3
1432683852
4
2
1162937322
1
361876200
4
4
4
2
2046318761
5
2
-1684266827
3
-98499243
-3
0
-5
0
0
-5
4
-3
0
-2
0
0
1
606180808
4
-3
1
-1423407944
0
4
1
630738964
5
-4
-2
3
-172278155
-5
0
2
817356801
4
-1
-1
3
-1683346243
3
334081727
-5
0
-2
0
-2
2
352063096
-1
-2
-4
-2
0
2
1955423275
5
3
-1433591836
5
5
1
1968811638
3
688499268
2
91140830
4
5
5
2
1240521846
3
686512992
5
-1
5
0
0
3
442912725
3
899696321
4
0
5
3
397189475
-1
4
-1
1
834263263
-5
-1
2
6375430
0
3
1226800244
5
4
-5
2
2140452313
4
0
-3
-2
5
